$coord
    4.32463256893186    -0.44051405710547    10.71295189152670  h
   -4.32463256893186     0.44051405710547    10.71295189152670  h
    3.93718202142925    -0.39723932883249     6.08579684662254  h
   -3.93718202142925     0.39723932883249     6.08579684662254  h
   -3.93222526980217    -0.46044499855068    14.38224066823267  h
    3.93222526980217     0.46044499855068    14.38224066823267  h
   -4.30178766980120    -0.49847762655164    19.13310474421380  h
    4.30178766980120     0.49847762655164    19.13310474421380  h
    0.00000000000000     0.00000000000000    21.22414528354277  h
   -4.34952971063477     0.02012180378387     2.37052536410581  h
    4.34952971063477    -0.02012180378387     2.37052536410581  h
   -3.95760996084544     0.02157311344823    -2.25156332505599  h
    3.95760996084544    -0.02157311344823    -2.25156332505599  h
    4.33136755284299     0.39925944606060    -5.96544963832276  h
   -4.33136755284299    -0.39925944606060    -5.96544963832276  h
    3.94153406069617     0.36179184617115   -10.58779344051150  h
   -3.94153406069617    -0.36179184617115   -10.58779344051150  h
   -4.32782053690551     0.44953371990228   -14.27329039819552  h
    4.32782053690551    -0.44953371990228   -14.27329039819552  h
   -3.93229707939494     0.40532168747107   -18.93612914152670  h
    3.93229707939494    -0.40532168747107   -18.93612914152670  h
    0.00000000000000     0.00000000000000   -21.69617052379025  h
    0.00000000000000     0.00000000000000   -19.43195926177657  b
    2.32528910011460    -0.23371565801825   -15.31741699484248  b
   -2.32528910011460     0.23371565801825   -15.31741699484248  b
    0.00000000000000     0.00000000000000   -11.14019440205309  b
    2.31811192029011     0.20607841343343    -6.99646720483742  b
   -2.31811192029011    -0.20607841343343    -6.99646720483742  b
    0.00000000000000     0.00000000000000    -2.80743949294229  b
    2.32644750222951    -0.01350398289252     1.33919410305432  b
   -2.32644750222951     0.01350398289252     1.33919410305432  b
    0.00000000000000     0.00000000000000     5.53020413765506  b
    2.31387704404296    -0.22521944935819     9.67838919880068  b
   -2.31387704404296     0.22521944935819     9.67838919880068  b
    0.00000000000000     0.00000000000000    13.87525360493809  b
    2.34365534832793     0.26907999273007    18.00834164406742  b
   -2.34365534832793    -0.26907999273007    18.00834164406742  b
    2.27594079207440    -0.23017053180689   -18.00558264392425  n
   -2.27594079207440     0.23017053180689   -18.00558264392425  n
    0.00000000000000     0.00000000000000   -13.91359236857138  n
    2.27259975628459     0.20067946589299    -9.67773535356127  n
   -2.27259975628459    -0.20067946589299    -9.67773535356127  n
    0.00000000000000     0.00000000000000    -5.57570496330384  n
    2.28119423070317    -0.01217361570020    -1.34127469151845  n
   -2.28119423070317     0.01217361570020    -1.34127469151845  n
    0.00000000000000     0.00000000000000     2.76128860150636  n
    2.27021681164039    -0.22087874844801     6.99613839249159  n
   -2.27021681164039     0.22087874844801     6.99613839249159  n
    0.00000000000000     0.00000000000000    11.09855239715250  n
    2.28249058282523     0.26214091839738    15.31865665518079  n
   -2.28249058282523    -0.26214091839738    15.31865665518079  n
    0.00000000000000     0.00000000000000    19.31783870106018  n
$end
