$coord
    4.34214655066261     0.21195168223135    35.72004919876947  h
    3.95217699823475     0.18895182555840    31.09292249975720  h
   -3.95217699823475    -0.18895182555840    31.09292249975720  h
   -4.34214655066261    -0.21195168223135    35.72004919876947  h
    4.34796879685514    -0.12873192311844    27.37774550354674  h
   -4.34796879685514     0.12873192311844    27.37774550354674  h
    3.95507016893283    -0.11487834089271    22.75477998146273  h
   -3.95507016893283     0.11487834089271    22.75477998146273  h
   -3.90823519663948     0.63112506220203    39.39027905908592  h
    3.90823519663948    -0.63112506220203    39.39027905908592  h
   -4.27589653215631     0.68567200681337    44.14143604261649  h
    4.27589653215631    -0.68567200681337    44.14143604261649  h
    0.00000000000000     0.00000000000000    46.23254272235986  h
   -4.35043677917499     0.02594216025029    19.03961621333514  h
    4.35043677917499    -0.02594216025029    19.03961621333514  h
   -3.95664620052146     0.02425841427250    14.41749728855534  h
    3.95664620052146    -0.02425841427250    14.41749728855534  h
    4.35051614767226    -0.03426640383293    10.70314988211395  h
   -4.35051614767226     0.03426640383293    10.70314988211395  h
    3.95661596490345    -0.03106898722865     6.08088355869635  h
   -3.95661596490345     0.03106898722865     6.08088355869635  h
   -4.35065598740554     0.01773885913967     2.36704448858272  h
    4.35065598740554    -0.01773885913967     2.36704448858272  h
   -3.95675391491061     0.01617605563392    -2.25525018072676  h
    3.95675391491061    -0.01617605563392    -2.25525018072676  h
    4.35069189220193     0.00341284538258    -5.96900988234313  h
   -4.35069189220193    -0.00341284538258    -5.96900988234313  h
    3.95689186491777     0.00308592276287   -10.59111179958781  h
   -3.95689186491777    -0.00308592276287   -10.59111179958781  h
   -4.35050480931551    -0.03646415531683   -14.30517007793200  h
    4.35050480931551     0.03646415531683   -14.30517007793200  h
   -3.95698068204567    -0.03299461815049   -18.92677121775343  h
    3.95698068204567     0.03299461815049   -18.92677121775343  h
    0.00000000000000     0.00000000000000   -19.48440483093641  b
    2.32748874132464     0.01948496607960   -15.33711738970038  b
   -2.32748874132464    -0.01948496607960   -15.33711738970038  b
    0.00000000000000     0.00000000000000   -11.14883611962480  b
    2.32762291187954     0.00173287885704    -7.00124443248258  b
   -2.32762291187954    -0.00173287885704    -7.00124443248258  b
    0.00000000000000     0.00000000000000    -2.81300284665564  b
    2.32757566872641    -0.00957713200382     1.33474946720725  b
   -2.32757566872641     0.00957713200382     1.33474946720725  b
    0.00000000000000     0.00000000000000     5.52311199550622  b
    2.32739047556611    -0.01818672423141     9.67099659019789  b
   -2.32739047556611     0.01818672423141     9.67099659019789  b
    0.00000000000000     0.00000000000000    13.85972950481745  b
    2.32710134746892    -0.01495529255687    18.00778984403879  b
   -2.32710134746892     0.01495529255687    18.00778984403879  b
    0.00000000000000     0.00000000000000    22.19734289979680  b
    2.32568594260095    -0.06494799720586    26.34565646231895  b
   -2.32568594260095     0.06494799720586    26.34565646231895  b
    0.00000000000000     0.00000000000000    30.53657579006566  b
    2.32249230544893     0.10344360810756    34.68557532317135  b
   -2.32249230544893    -0.10344360810756    34.68557532317135  b
    0.00000000000000     0.00000000000000    38.88270429096632  b
    2.32959389622840    -0.37117811583630    43.01635168902880  b
   -2.32959389622840     0.37117811583630    43.01635168902880  b
    2.28133784988870     0.01932811881118   -18.01481395604712  n
   -2.28133784988870    -0.01932811881118   -18.01481395604712  n
    0.00000000000000     0.00000000000000   -13.91212405137190  n
    2.28144745400398     0.00183114461557    -9.67864809127987  n
   -2.28144745400398    -0.00183114461557    -9.67864809127987  n
    0.00000000000000     0.00000000000000    -5.57600165030553  n
    2.28142666701660    -0.00929934226338    -1.34259372035402  n
   -2.28142666701660     0.00929934226338    -1.34259372035402  n
    0.00000000000000     0.00000000000000     2.76005838979869  n
    2.28133029098420    -0.01776531530543     6.99351923208171  n
   -2.28133029098420     0.01776531530543     6.99351923208171  n
    0.00000000000000     0.00000000000000    11.09623748264881  n
    2.28124525330856    -0.01460380349754    15.32990241535338  n
   -2.28124525330856     0.01460380349754    15.32990241535338  n
    0.00000000000000     0.00000000000000    19.43275483647539  n
    2.28028527243682    -0.06360251220453    23.66677503769155  n
   -2.28028527243682     0.06360251220453    23.66677503769155  n
    0.00000000000000     0.00000000000000    27.76953486223341  n
    2.27862798262480     0.10154443335148    32.00415221690522  n
   -2.27862798262480    -0.10154443335148    32.00415221690522  n
    0.00000000000000     0.00000000000000    36.10684401130656  n
    2.26880896567692    -0.36164444753337    40.32703330701050  n
   -2.26880896567692     0.36164444753337    40.32703330701050  n
    0.00000000000000     0.00000000000000    44.32627771385202  n
    4.34874358456658     0.12605985037704   -22.64144554681452  h
   -4.34874358456658    -0.12605985037704   -22.64144554681452  h
    3.95592243541541     0.11474228061167   -27.26223032494975  h
   -3.95592243541541    -0.11474228061167   -27.26223032494975  h
   -4.34806706261367     0.14055216003318   -30.97662875399653  h
    4.34806706261367    -0.14055216003318   -30.97662875399653  h
   -3.95605660597032     0.12677983603084   -35.59784627941449  h
    3.95605660597032    -0.12677983603084   -35.59784627941449  h
    4.29923276007958     0.67182220403989   -39.28377598438124  h
   -4.29923276007958    -0.67182220403989   -39.28377598438124  h
    3.90614704927085     0.60740899932753   -43.94620465714320  h
   -3.90614704927085    -0.60740899932753   -43.94620465714320  h
    0.00000000000000     0.00000000000000   -46.70601360309332  h
   -2.32655143716641    -0.06549979723449   -23.67280515375789  b
    2.32655143716641     0.06549979723449   -23.67280515375789  b
    0.00000000000000     0.00000000000000   -27.81927245385546  b
   -2.32660812895017     0.06933405154305   -32.00733073624824  b
    2.32660812895017    -0.06933405154305   -32.00733073624824  b
    0.00000000000000     0.00000000000000   -36.15108816908190  b
    2.31035837399736     0.35341469025700   -40.32774006458141  b
   -2.31035837399736    -0.35341469025700   -40.32774006458141  b
    0.00000000000000     0.00000000000000   -44.44202910821470  b
    0.00000000000000     0.00000000000000   -22.24850912436969  n
   -2.28050637039350    -0.06388219167110   -26.35122926466292  n
    2.28050637039350     0.06388219167110   -26.35122926466292  n
    0.00000000000000     0.00000000000000   -30.58528915012771  n
   -2.28051959847638     0.06639552741796   -34.68755764587696  n
    2.28051959847638    -0.06639552741796   -34.68755764587696  n
    0.00000000000000     0.00000000000000   -38.92333718211592  n
    2.26107431664542     0.34731654405015   -43.01543328213182  n
   -2.26107431664542    -0.34731654405015   -43.01543328213182  n
$end
