$coord
    7.92187364737863   -12.39495743154808     3.95795767045253  h
    3.72283605619694   -14.35295180301420     4.34576726591898  h
    3.72283605619694   -14.35295180301420    -4.34576726591898  h
    7.92187364737863   -12.39495743154808    -3.95795767045253  h
   -0.03484843947957   -14.71301077032830     3.95801814168854  h
   -4.62532956946696   -14.08810290707903     4.34582773715500  h
   -4.62532956946696   -14.08810290707903    -4.34582773715500  h
   -0.03484843947957   -14.71301077032830    -3.95801814168854  h
   -7.98034177370029   -12.35744636795774     3.95795956017865  h
  -11.50280638936269    -9.34792523233737     4.34572758167035  h
  -11.50280638936269    -9.34792523233737    -4.34572758167035  h
   -7.98034177370029   -12.35744636795774    -3.95795956017865  h
  -13.38966957974045    -6.07844392226839     3.95798412661828  h
  -14.72838369235890    -1.64308663046757     4.34573325084872  h
  -14.72838369235890    -1.64308663046757    -4.34573325084872  h
  -13.38966957974045    -6.07844392226839    -3.95798412661828  h
  -14.54830224123340     2.12758217341695     3.95801058278404  h
  -13.27750299583777     6.58282505323596     4.34582584742887  h
  -13.27750299583777     6.58282505323596    -4.34582584742887  h
  -14.54830224123340     2.12758217341695    -3.95801058278404  h
  -11.09128073102173     9.66003617867023     3.95796144990478  h
   -7.61447945745490    12.72247342525568     4.34571246386135  h
   -7.61447945745490    12.72247342525568    -4.34571246386135  h
  -11.09128073102173     9.66003617867023    -3.95796144990478  h
   -4.11005794683838    14.12575192067653     3.95804270812817  h
    0.47043220112372    14.82055130467586     4.34582962688112  h
    0.47043220112372    14.82055130467586    -4.34582962688112  h
   -4.11005794683838    14.12575192067653    -3.95804270812817  h
    4.17734920443981    14.10743858479471     3.95795578072640  h
    8.40556983617694    12.21318089608804     4.34570868440909  h
    8.40556983617694    12.21318089608804    -4.34570868440909  h
    4.17734920443981    14.10743858479471    -3.95795578072640  h
   11.13647353131206     9.60698022797188     3.95804459785430  h
   13.66857047914452     5.72720052732954     4.34574458920548  h
   13.66857047914452     5.72720052732954    -4.34574458920548  h
   11.13647353131206     9.60698022797188    -3.95804459785430  h
   14.55869573492342     2.05876968628453     3.95798790607054  h
   14.59375582372904    -2.57418303837253     4.34572947139647  h
   14.59375582372904    -2.57418303837253    -4.34572947139647  h
   14.55869573492342     2.05876968628453    -3.95798790607054  h
   13.36027488985895    -6.14175163719735     3.95804459785430  h
   10.88740573825059   -10.05976427680995     4.34578427345411  h
   10.88740573825059   -10.05976427680995    -4.34578427345411  h
   13.36027488985895    -6.14175163719735    -3.95804459785430  h
   10.64765618471375     9.93583225805018     0.00000000000000  b
   13.04780300583612     6.56878249839768    -2.32901752976013  b
   13.04780300583612     6.56878249839768     2.32901752976013  b
   14.32460402140620     2.59958851640318     0.00000000000000  b
   14.52565954279816    -1.53055910887494    -2.32899863249888  b
   14.52565954279816    -1.53055910887494     2.32899863249888  b
   13.45577786878734    -5.56055691868217     0.00000000000000  b
   11.39438146318842    -9.14496297728482    -2.32905721400877  b
   11.39438146318842    -9.14496297728482     2.32905721400877  b
    8.31661853772551   -11.95773338762703     0.00000000000000  b
    4.64393014371985   -13.85772450539834    -2.32902319893851  b
    4.64393014371985   -13.85772450539834     2.32902319893851  b
    0.53377015167069   -14.55821574448755     0.00000000000000  b
   -3.58288482907166   -14.16980710583933    -2.32903264756913  b
   -3.58288482907166   -14.16980710583933     2.32903264756913  b
   -7.41863769044308   -12.53549636349838     0.00000000000000  b
  -10.67007211601394    -9.98062821585415    -2.32894383044124  b
  -10.67007211601394    -9.98062821585415     2.32894383044124  b
  -13.01319456157449    -6.53161914441443     0.00000000000000  b
  -14.36917699152738    -2.62525288691303    -2.32898729414212  b
  -14.36917699152738    -2.62525288691303     2.32898729414212  b
  -14.47681768135958     1.54291602800931     0.00000000000000  b
  -13.50645276456761     5.56246365234276    -2.32905532428264  b
  -13.50645276456761     5.56246365234276     2.32905532428264  b
  -11.34611974767035     9.12847511684020     0.00000000000000  b
   -8.35829266797023    11.98704870901125    -2.32899485304663  b
   -8.35829266797023    11.98704870901125     2.32899485304663  b
   -4.61222431878691    13.81760561975487     0.00000000000000  b
   -0.55279780402793    14.60492977430887    -2.32902508866463  b
   -0.55279780402793    14.60492977430887     2.32902508866463  b
    3.58815149578331    14.11928338814909     0.00000000000000  b
    7.42815624093701    12.58536623594921    -2.32898351468987  b
    7.42815624093701    12.58536623594921     2.32898351468987  b
    5.01650098771061    13.74682403799972    -2.28252837734774  n
    8.63489566040575    11.82052982228816     0.00000000000000  n
    5.01650098771061    13.74682403799972     2.28252837734774  n
   11.64747248317098     8.85005609759812    -2.28259829721439  n
   13.64921023498920     5.27295760992262     0.00000000000000  n
   11.64747248317098     8.85005609759812     2.28259829721439  n
   14.57949784011246     1.14565591218944    -2.28255294378737  n
   14.33173584780368    -2.94603200698337     0.00000000000000  n
   14.57949784011246     1.14565591218944     2.28255294378737  n
   12.88502010766306    -6.92167751397018    -2.28263231228464  n
   10.46691521917047   -10.23161030148071     0.00000000000000  n
   12.88502010766306    -6.92167751397018     2.28263231228464  n
    7.10028875817008   -12.79408081732765    -2.28253971570450  n
    3.27601409328469   -14.26983975829044     0.00000000000000  n
    7.10028875817008   -12.79408081732765     2.28253971570450  n
   -0.94155982146161   -14.60403215439928    -2.28255861296575  n
   -0.94155982146161   -14.60403215439928     2.28255861296575  n
   -4.95625273937876   -13.77642281830277     0.00000000000000  n
   -8.68396239925326   -11.77514049048079    -2.28250948008649  n
   -8.68396239925326   -11.77514049048079     2.28250948008649  n
  -11.61234625395097    -8.90665717450783     0.00000000000000  n
  -13.66693586604599    -5.20827606410045    -2.28254349515675  n
  -13.66693586604599    -5.20827606410045     2.28254349515675  n
  -14.58180708543777    -1.21247284853337     0.00000000000000  n
  -14.31149877072615     3.00965908562753    -2.28258506913151  n
  -14.31149877072615     3.00965908562753     2.28258506913151  n
  -12.92257652468041     6.86622916999700     0.00000000000000  n
  -10.41521420210407    10.27413858793414    -2.28252270816937  n
  -10.41521420210407    10.27413858793414     2.28252270816937  n
   -7.16207524356805    12.76815377488637     0.00000000000000  n
   -3.20939557818392    14.27685631139426    -2.28255861296575  n
   -3.20939557818392    14.27685631139426     2.28255861296575  n
    0.87573310160742    14.61529492210700     0.00000000000000  n
$end
