$coord
   -6.82643531724711     2.00229900047748     4.33333664746572  h
   -3.92519170916322     5.64829312323493    -3.96263663233916  h
   -6.82643531724711     2.00229900047748    -4.33333664746572  h
    6.69962335587213     2.39258413716828     4.33333664746572  h
    6.49552915487044    -2.26239523520712    -3.96263663233916  h
   -4.01378395965080    -5.87358249245976    -4.33333664746572  h
   -3.92519170916322     5.64829312323493     3.96263663233916  h
    4.15889413909858     5.47849745141029    -3.96263663233916  h
    4.34578049400186    -5.63237218062794    -4.33333664746572  h
   -6.58479603758481    -1.98766118190968     3.96263663233916  h
    6.49552915487044    -2.26239523520712     3.96263663233916  h
   -0.20518646270221     7.11106964571581    -4.33333664746572  h
    6.69962335587213     2.39258413716828    -4.33333664746572  h
   -0.14443554722099    -6.87673415752842    -3.96263663233916  h
    4.15889413909858     5.47849745141029     3.96263663233916  h
   -4.01378395965080    -5.87358249245976     4.33333664746572  h
   -6.58479603758481    -1.98766118190968    -3.96263663233916  h
   -0.14443554722099    -6.87673415752842     3.96263663233916  h
   -0.20518646270221     7.11106964571581     4.33333664746572  h
    4.34578049400186    -5.63237218062794     4.33333664746572  h
    5.96705590552940    -2.72303865500097     0.00000000000000  b
    6.53740548581058     1.32547091193125     2.33385900809355  b
    6.53740548581058     1.32547091193125    -2.33385900809355  b
    4.43368677390591     4.83354148369603     0.00000000000000  b
    0.75957163667552     6.62703519594105     2.33385900809355  b
    0.75957163667552     6.62703519594105    -2.33385900809355  b
   -3.22688688320116     5.71033283193370     0.00000000000000  b
   -6.06796539090272     2.77026291087616     2.33385900809355  b
   -6.06796539090272     2.77026291087616    -2.33385900809355  b
   -6.42801113013395    -1.30436267110989     0.00000000000000  b
   -4.50978037579972    -4.91491875983662     2.33385900809355  b
   -4.50978037579972    -4.91491875983662    -2.33385900809355  b
   -0.74584277637407    -6.51647298951889     0.00000000000000  b
    3.28076675449021    -5.80785025891183     2.33385900809355  b
    3.28076675449021    -5.80785025891183    -2.33385900809355  b
    4.50238209801855    -5.04300628634628     0.00000000000000  n
    6.55998204383143    -1.35137338793290     2.28599602478796  n
    6.55998204383143    -1.35137338793290    -2.28599602478796  n
    6.18749623751631     2.72364525708724     0.00000000000000  n
    3.31237809311687     5.82131644728184     2.28599602478796  n
    3.31237809311687     5.82131644728184    -2.28599602478796  n
   -0.67830018519796     6.72631195794197     0.00000000000000  n
   -4.51282094513558     4.94914547942092     2.28599602478796  n
   -4.51282094513558     4.94914547942092    -2.28599602478796  n
   -6.60670741200950     1.43344419356153     0.00000000000000  n
   -6.10145511729809    -2.76257739472392     2.28599602478796  n
   -6.10145511729809    -2.76257739472392    -2.28599602478796  n
   -3.40487073832741    -5.84039512224447     0.00000000000000  n
    0.74191403575925    -6.65651114404594     2.28599602478796  n
    0.74191403575925    -6.65651114404594    -2.28599602478796  n
$end
