$coord
    0.48748886913210     4.09577161732992     0.00000000000000  p
   -0.59380486095036     1.94025929177870     3.59064026509054  al
   -0.59380486095036    -2.42259676749280    -3.60552185832852  p
   -0.59380486095036     1.94025929177870    -3.59064026509054  al
   -0.59380486095036    -2.42259676749280     3.60552185832852  p
    1.71219769432782    -3.25114907692591     0.00000000000000  al
   -1.12711391944644     3.47007384856020     6.12030513539953  h
   -0.85479493613734     6.41136075324254     0.00000000000000  h
   -1.12711391944644     3.47007384856020    -6.12030513539953  h
    1.23325227700891    -2.77627979885962    -5.54635373712323  h
    4.32471949633363    -4.73946524799237     0.00000000000000  h
    1.23325227700891    -2.77627979885962     5.54635373712323  h
$end
