$coord
    0.00000000000000     4.24668703543510     2.92147879543529  h
    0.00000000000000    -4.24668703543510     2.92147879543529  h
    0.00000000000000     0.00000000000000    -2.92190209408740  n
    0.00000000000000     0.00000000000000    -4.84014040732613  h
    0.00000000000000     0.00000000000000     4.84014040732613  h
    0.00000000000000     4.24668703543510    -2.92147879543529  h
    0.00000000000000    -2.37038552437253    -1.63353784435564  b
    0.00000000000000    -4.24668703543510    -2.92147879543529  h
    0.00000000000000     2.37038552437253    -1.63353784435564  b
    0.00000000000000     2.37038552437253     1.63353784435564  b
    0.00000000000000    -2.37038552437253     1.63353784435564  b
    0.00000000000000     0.00000000000000     2.92190209408740  n
$end
