$coord
    4.34727337764097     0.03376751613581    19.04863965558421  h
   -4.34727337764097    -0.03376751613581    19.04863965558421  h
    3.95666698750884     0.03547582855322    14.42296804568853  h
   -3.95666698750884    -0.03547582855322    14.42296804568853  h
   -3.87112097553549    -0.82934599440580    22.72072900640810  h
    3.87112097553549     0.82934599440580    22.72072900640810  h
   -4.23539970128775    -0.90255965368442    27.47142300703794  h
    4.23539970128775     0.90255965368442    27.47142300703794  h
    0.00000000000000     0.00000000000000    29.56270354158485  h
   -4.34926136952496     0.08874342857763    10.70462197876568  h
    4.34926136952496    -0.08874342857763    10.70462197876568  h
   -3.95611518748021     0.08029068361845     6.08362933075664  h
    3.95611518748021    -0.08029068361845     6.08362933075664  h
    4.35039331547410    -0.02069628052601     2.36711629817549  h
   -4.35039331547410     0.02069628052601     2.36711629817549  h
    3.95711107314832    -0.01930355237155    -2.25392359298669  h
   -3.95711107314832     0.01930355237155    -2.25392359298669  h
   -4.34601482004142     0.19460399639965    -5.96935948167634  h
    4.34601482004142    -0.19460399639965    -5.96935948167634  h
   -3.95367366132612     0.17665159820780   -10.59009890638456  h
    3.95367366132612    -0.17665159820780   -10.59009890638456  h
    4.34934451747448     0.08922908819187   -14.30496598751045  h
   -4.34934451747448    -0.08922908819187   -14.30496598751045  h
    3.95728114849961     0.08002423223476   -18.92614004922753  h
   -3.95728114849961    -0.08002423223476   -18.92614004922753  h
   -4.28871643419141     0.73539259090029   -22.61204707748077  h
    4.28871643419141    -0.73539259090029   -22.61204707748077  h
   -3.89673243371382     0.66519871397016   -27.27458913381025  h
    3.89673243371382    -0.66519871397016   -27.27458913381025  h
    0.00000000000000     0.00000000000000   -30.03448122770990  h
    0.00000000000000     0.00000000000000   -27.77041925406013  b
    2.30482525590202    -0.38748078312063   -23.65605651110796  b
   -2.30482525590202     0.38748078312063   -23.65605651110796  b
    0.00000000000000     0.00000000000000   -19.47923265053103  b
    2.32711835500405     0.04169680695823   -15.33546009988836  b
   -2.32711835500405    -0.04169680695823   -15.33546009988836  b
    0.00000000000000     0.00000000000000   -11.14700308528311  b
    2.32499430283903    -0.10120806210114    -7.00047153449727  b
   -2.32499430283903     0.10120806210114    -7.00047153449727  b
    0.00000000000000     0.00000000000000    -2.81140413835350  b
    2.32692749266538    -0.01246085407127     1.33606471659057  b
   -2.32692749266538     0.01246085407127     1.33606471659057  b
    0.00000000000000     0.00000000000000     5.52592957715928  b
    2.32581066452523    -0.04571814415320     9.67409763076977  b
   -2.32581066452523     0.04571814415320     9.67409763076977  b
    0.00000000000000     0.00000000000000    13.86589946061707  b
    2.32436691376538     0.02615947875471    18.01505962044342  b
   -2.32436691376538    -0.02615947875471    18.01505962044342  b
    0.00000000000000     0.00000000000000    22.21277251361116  b
    2.30758047659294     0.48938804388819    26.34651628770603  b
   -2.30758047659294    -0.48938804388819    26.34651628770603  b
    2.25566969992661    -0.38070611496086   -26.34389712729615  n
   -2.25566969992661     0.38070611496086   -26.34389712729615  n
    0.00000000000000     0.00000000000000   -22.25182748344600  n
    2.28109218549239     0.03929496505277   -18.01598180679265  n
   -2.28109218549239    -0.03929496505277   -18.01598180679265  n
    0.00000000000000     0.00000000000000   -13.91367173706865  n
    2.27916466484443    -0.09891015513259    -9.67940965090843  n
   -2.27916466484443     0.09891015513259    -9.67940965090843  n
    0.00000000000000     0.00000000000000    -5.57663470855756  n
    2.28117722316804    -0.01257045818655    -1.34256159500989  n
   -2.28117722316804     0.01257045818655    -1.34256159500989  n
    0.00000000000000     0.00000000000000     2.76041554803640  n
    2.28053093683313    -0.04490934137151     6.99484393009566  n
   -2.28053093683313     0.04490934137151     6.99484393009566  n
    0.00000000000000     0.00000000000000    11.09814799576165  n
    2.28051581902413     0.02487446498940    15.33345510046924  n
   -2.28051581902413    -0.02487446498940    15.33345510046924  n
    0.00000000000000     0.00000000000000    19.43657397297494  n
    2.24734545634397     0.47677034254851    23.65709397075083  n
   -2.24734545634397    -0.47677034254851    23.65709397075083  n
    0.00000000000000     0.00000000000000    27.65642719472026  n
$end
