$coord
   -3.08840775272761     1.78309265965049     0.00000000000000  s
    3.08840775272761     1.78309265965049     0.00000000000000  s
    0.00000000000000    -3.56618531930099     0.00000000000000  s
    0.00000000000000     3.21435421953712     0.00000000000000  b
    0.00000000000000     5.46819655430042     0.00000000000000  h
   -2.78371209171104    -1.60717805463162     0.00000000000000  b
   -4.73559697861355    -2.73409733228715     0.00000000000000  h
    2.78371209171104    -1.60717805463162     0.00000000000000  b
    4.73559697861355    -2.73409733228715     0.00000000000000  h
$end
