$coord
    2.38507814499796     4.03728081429475     0.00000000000000  n
    0.00000000000000     2.73567903305415     0.00000000000000  b
   -2.38507814499796     4.03728081429475     0.00000000000000  n
    0.00000000000000     0.00000000000000     0.00000000000000  n
   -2.36916665102161    -1.36783857166401     0.00000000000000  b
   -4.68892641249312     0.04689733325549     0.00000000000000  n
   -4.74290643926682     2.73831709072529     0.00000000000000  b
    4.74290643926682     2.73831709072529     0.00000000000000  b
    4.68892641249312     0.04689733325549     0.00000000000000  n
    2.36916665102161    -1.36783857166401     0.00000000000000  b
    2.30384826749516    -4.08417814755023     0.00000000000000  n
    0.00000000000000    -5.47663607117671     0.00000000000000  b
   -2.30384826749516    -4.08417814755023     0.00000000000000  n
    0.00000000000000    -7.74445859981614     0.00000000000000  h
    3.94293056830289    -5.06110419344979     0.00000000000000  h
    6.35451023248427    -0.88412726505670     0.00000000000000  h
    6.70689880145515     3.87223024477113     0.00000000000000  h
    2.41157966418138     5.94523145850649     0.00000000000000  h
   -2.41157966418138     5.94523145850649     0.00000000000000  h
   -6.70689880145515     3.87223024477113     0.00000000000000  h
   -6.35451023248427    -0.88412726505670     0.00000000000000  h
   -3.94293056830289    -5.06110419344979     0.00000000000000  h
$end
