$coord
    0.00000000000000     3.34945074024610     0.00000000000000  n
    0.00000000000000     5.26485635402278     0.00000000000000  h
    2.90070881559039    -1.67472631498611     0.00000000000000  n
    4.55949907016052    -2.63242817701139     0.00000000000000  h
   -2.90070881559039    -1.67472631498611     0.00000000000000  n
   -4.55949907016052    -2.63242817701139     0.00000000000000  h
    5.63978368649199     3.25613039499262     0.00000000000000  h
   -5.63978368649199     3.25613039499262     0.00000000000000  h
    0.00000000000000    -6.51226267971137     0.00000000000000  h
   -3.10086482734663     1.79028495728399     0.00000000000000  ga
    0.00000000000000    -3.58056991456797     0.00000000000000  ga
    3.10086482734663     1.79028495728399     0.00000000000000  ga
$end
