$coord
   -2.28723757485238     3.58121809062900     2.11728316603321  h
   -0.97722273290125    -2.19914421206192    -5.07253136733043  h
    3.55619055782344    -2.47687159154208     0.00000000000000  h
   -0.97722273290125    -2.19914421206192     5.07253136733043  h
    4.21826177505597     4.49396525785576     0.00000000000000  h
   -2.28723757485238     3.58121809062900    -2.11728316603321  h
   -1.14891002057747    -1.57675346401175     2.18416435306541  ga
   -1.14891002057747    -1.57675346401175    -2.18416435306541  ga
    2.30445864903368     2.28670467208501     0.00000000000000  ga
    2.09049251875259    -1.24405395154202     0.00000000000000  n
   -1.14891002057747     2.19985663881121    -1.42989906735017  n
   -1.14891002057747     2.19985663881121     1.42989906735017  n
$end
