$coord
    0.00000000000000     2.36815375781836     5.50220784510641  b
    0.00000000000000     2.37575612602108     2.78299777523562  n
    0.00000000000000     4.73501116351466     1.41398946309995  b
    0.00000000000000     0.00000000000000     1.40830138746232  b
    0.00000000000000     0.00000000000000    -1.31975260067561  n
    0.00000000000000     2.36616387620826    -2.69223044997763  b
    0.00000000000000     4.67947589213971    -1.26625634379003  n
    0.00000000000000     0.00000000000000     6.78496905687618  n
    0.00000000000000    -2.36815375781836     5.50220784510641  b
    0.00000000000000    -2.37575612602108     2.78299777523562  n
    0.00000000000000    -4.73501116351466     1.41398946309995  b
    0.00000000000000    -4.67947589213971    -1.26625634379003  n
    0.00000000000000    -2.36616387620826    -2.69223044997763  b
    0.00000000000000    -2.30462683465885    -5.40364917903315  n
    0.00000000000000     0.00000000000000    -6.79731463765380  b
    0.00000000000000     2.30462683465885    -5.40364917903315  n
    0.00000000000000    -6.35020165691823    -2.18935354100592  h
    0.00000000000000    -3.94315733543794    -6.38148229347293  h
    0.00000000000000     0.00000000000000    -9.06532613890578  h
    0.00000000000000     3.94315733543794    -6.38148229347293  h
    0.00000000000000     0.00000000000000     8.69296127506269  h
    0.00000000000000     4.31147251619417     6.66628669729293  h
    0.00000000000000     6.71022471943595     2.52351948094900  h
    0.00000000000000     6.35020165691823    -2.18935354100592  h
    0.00000000000000    -6.71022471943595     2.52351948094900  h
    0.00000000000000    -4.31147251619417     6.66628669729293  h
$end
