$coord
    0.00000000000000     7.07891217623890     2.78892773581731  b
    0.00000000000000     7.09270150777636     5.05332986016966  h
    0.00000000000000     2.35653761132517     2.75415866483501  b
    0.00000000000000     2.34731952728519     5.01630634591969  h
    0.00000000000000    -2.35653761132517     2.75415866483501  b
    0.00000000000000    -2.34731952728519     5.01630634591969  h
    0.00000000000000     9.48380220993616    -1.29305643970127  b
    0.00000000000000    11.45866238707199    -2.40774163042058  h
    0.00000000000000     4.74463364894549    -1.33269911436113  b
    0.00000000000000     0.00000000000000    -1.35660792930042  b
    0.00000000000000    -4.74463364894549    -1.33269911436113  b
    0.00000000000000     7.13974434994351    -2.61166764579711  n
    0.00000000000000     7.18751095721671    -4.51963529754398  h
    0.00000000000000     2.37853402342550    -2.64609467635070  n
    0.00000000000000     2.39124432134533    -4.55623173368960  h
    0.00000000000000    -2.37853402342550    -2.64609467635070  n
    0.00000000000000    -2.39124432134533    -4.55623173368960  h
    0.00000000000000     9.38874142692113     1.40632095448284  n
    0.00000000000000    11.02801647979366     2.38135160507856  h
    0.00000000000000     4.72403752390413     1.41641965089728  n
    0.00000000000000     0.00000000000000     1.39504306896611  n
    0.00000000000000   -11.02801647979366     2.38135160507856  h
    0.00000000000000    -7.18751095721671    -4.51963529754398  h
    0.00000000000000    -7.07891217623890     2.78892773581731  b
    0.00000000000000    -7.09270150777636     5.05332986016966  h
    0.00000000000000    -9.48380220993616    -1.29305643970127  b
    0.00000000000000   -11.45866238707199    -2.40774163042058  h
    0.00000000000000    -4.72403752390413     1.41641965089728  n
    0.00000000000000    -9.38874142692113     1.40632095448284  n
    0.00000000000000    -7.13974434994351    -2.61166764579711  n
$end
