$coord
   -5.29568723575962    -3.05746537714936    -2.16343405746914  h
   -5.37838732018803     3.10521308716131    -0.67954362498851  h
    0.00000000000000     6.11493264402485    -2.16343405746914  h
    0.00000000000000    -6.21042806404874    -0.67954362498851  h
    5.29568723575962    -3.05746537714936    -2.16343405746914  h
    5.37838732018803     3.10521308716131    -0.67954362498851  h
    0.00000000000000     3.71176604055401    -0.45775402854803  ga
    3.21448272091365    -1.85588302027700    -0.45775402854803  ga
   -3.21448272091365    -1.85588302027700    -0.45775402854803  ga
    3.66259725649572     2.11460164466118     1.13555532604886  p
    0.00000000000000    -4.22920328932237     1.13555532604886  p
   -3.66259725649572     2.11460164466118     1.13555532604886  p
$end
