$coord
   -4.34139443966467    -0.22762696044202    39.88771355681632  h
   -3.95145701258095    -0.20321547835336    35.26072291808507  h
    3.95145701258095     0.20321547835336    35.26072291808507  h
    4.34139443966467     0.22762696044202    39.88771355681632  h
   -4.34865098798643     0.10421461636675    31.54541364104583  h
    4.34865098798643    -0.10421461636675    31.54541364104583  h
   -3.95564275594884     0.09259658014743    26.92251236965008  h
    3.95564275594884    -0.09259658014743    26.92251236965008  h
    3.91127765570147    -0.61196323928989    43.55817396372006  h
   -3.91127765570147     0.61196323928989    43.55817396372006  h
    4.27919788369748    -0.66474328997392    48.30930260135875  h
   -4.27919788369748     0.66474328997392    48.30930260135875  h
    0.00000000000000     0.00000000000000    50.40043384754175  h
    4.35048024287588    -0.02112335863037    23.20732403508287  h
   -4.35048024287588     0.02112335863037    23.20732403508287  h
    3.95664809024759    -0.01975708664166    18.58517676441117  h
   -3.95664809024759     0.01975708664166    18.58517676441117  h
   -4.35058228808665     0.02604987463944    14.87095030044182  h
    4.35058228808665    -0.02604987463944    14.87095030044182  h
   -3.95663108271246     0.02361401766372    10.24856492427832  h
    3.95663108271246    -0.02361401766372    10.24856492427832  h
    4.35069189220193    -0.01121552455459     6.53492616513398  h
   -4.35069189220193     0.01121552455459     6.53492616513398  h
    3.95671045120973    -0.01024231559998     1.91244441293808  h
   -3.95671045120973     0.01024231559998     1.91244441293808  h
   -4.35070512028480     0.01159346977968    -1.80100726331983  h
    4.35070512028480    -0.01159346977968    -1.80100726331983  h
   -3.95676336354124     0.01045963410441    -6.42342098537522  h
    3.95676336354124    -0.01045963410441    -6.42342098537522  h
    4.35070701001093     0.00064061715653   -10.13696147876103  h
   -4.35070701001093    -0.00064061715653   -10.13696147876103  h
    3.95688241628714     0.00069730894029   -14.75913142614623  h
   -3.95688241628714    -0.00069730894029   -14.75913142614623  h
    0.00000000000000     0.00000000000000   -15.31686897426610  b
   -2.32767393448493    -0.00028345891882   -11.16928484602838  b
    2.32767393448493     0.00028345891882   -11.16928484602838  b
    0.00000000000000     0.00000000000000    -6.98116987185184  b
   -2.32767960366331     0.00613594072936    -2.83344968333309  b
    2.32767960366331    -0.00613594072936    -2.83344968333309  b
    0.00000000000000     0.00000000000000     1.35468796755695  b
   -2.32762669133179     0.00615294826449     5.50250264238198  b
    2.32762669133179    -0.00615294826449     5.50250264238198  b
    0.00000000000000     0.00000000000000     9.69079903026656  b
   -2.32744716734988     0.01382901578610    13.83871386057624  b
    2.32744716734988    -0.01382901578610    13.83871386057624  b
    0.00000000000000     0.00000000000000    18.02739764231654  b
   -2.32712969336080     0.01215282871282    22.17548254797750  b
    2.32712969336080    -0.01215282871282    22.17548254797750  b
    0.00000000000000     0.00000000000000    26.36502426537876  b
   -2.32600530631615     0.05199581434197    30.51336806351892  b
    2.32600530631615    -0.05199581434197    30.51336806351892  b
    0.00000000000000     0.00000000000000    34.70431195770527  b
   -2.32207656570132    -0.11189824279286    38.85334361615508  b
    2.32207656570132     0.11189824279286    38.85334361615508  b
    0.00000000000000     0.00000000000000    43.05053872436445  b
   -2.33136834906020     0.35978117757367    47.18421824777105  b
    2.33136834906020    -0.35978117757367    47.18421824777105  b
   -2.28146635126524    -0.00040062193860   -13.84660535687615  n
    2.28146635126524     0.00040062193860   -13.84660535687615  n
    0.00000000000000     0.00000000000000    -9.74398726179370  n
   -2.28147391016974     0.00594129893844    -5.51065492088720  n
    2.28147391016974    -0.00594129893844    -5.51065492088720  n
    0.00000000000000     0.00000000000000    -1.40805194361376  n
   -2.28145879236073     0.00599043181770     2.82527283838823  n
    2.28145879236073    -0.00599043181770     2.82527283838823  n
    0.00000000000000     0.00000000000000     6.92789471292294  n
   -2.28137375468509     0.01349264453577    11.16130831205283  n
    2.28137375468509    -0.01349264453577    11.16130831205283  n
    0.00000000000000     0.00000000000000    15.26400388590642  n
   -2.28126604029594     0.01187125952013    19.49764047271911  n
    2.28126604029594    -0.01187125952013    19.49764047271911  n
    0.00000000000000     0.00000000000000    23.60049478356725  n
   -2.28059707724753     0.05093000880721    27.83452065396178  n
    2.28059707724753    -0.05093000880721    27.83452065396178  n
    0.00000000000000     0.00000000000000    31.93730693466940  n
   -2.27822547096008    -0.10985355912511    36.17194507632858  n
    2.27822547096008     0.10985355912511    36.17194507632858  n
    0.00000000000000     0.00000000000000    40.27468600360919  n
   -2.27054373426009     0.35053096818955    44.49491498356176  n
    2.27054373426009    -0.35053096818955    44.49491498356176  n
    0.00000000000000     0.00000000000000    48.49416883903392  n
   -4.35065976685779    -0.01004200463068   -18.47304797503100  h
    4.35065976685779     0.01004200463068   -18.47304797503100  h
   -3.95708461698257    -0.00907635458057   -23.09476060869384  h
    3.95708461698257     0.00907635458057   -23.09476060869384  h
    4.34901192567639     0.11608209643462   -26.80918927335862  h
   -4.34901192567639    -0.11608209643462   -26.80918927335862  h
    3.95615865118109     0.10550151985819   -31.43010822204877  h
   -3.95615865118109    -0.10550151985819   -31.43010822204877  h
   -4.34754549820304     0.15550934231618   -35.14436303191000  h
    4.34754549820304    -0.15550934231618   -35.14436303191000  h
   -3.95558039498670     0.14036696687288   -39.76562780048111  h
    3.95558039498670    -0.14036696687288   -39.76562780048111  h
   -4.30161381499766    -0.65648707653180   -43.45156128490011  h
    4.30161381499766     0.65648707653180   -43.45156128490011  h
   -3.90826543225749    -0.59352518148379   -48.11401830355394  h
    3.90826543225749     0.59352518148379   -48.11401830355394  h
    0.00000000000000     0.00000000000000   -50.87378567552931  h
    2.32760590434441     0.00567295782862   -19.50505953748766  b
   -2.32760590434441    -0.00567295782862   -19.50505953748766  b
    0.00000000000000     0.00000000000000   -23.65232052255793  b
    2.32673663032670     0.05997045859140   -27.84064147688214  b
   -2.32673663032670    -0.05997045859140   -27.84064147688214  b
    0.00000000000000     0.00000000000000   -31.98708987971846  b
    2.32636813373224    -0.07732570332761   -36.17511414704097  b
   -2.32636813373224     0.07732570332761   -36.17511414704097  b
    0.00000000000000     0.00000000000000   -40.31889236686202  b
   -2.31162826995367    -0.34517926380225   -44.49554426236153  b
    2.31162826995367     0.34517926380225   -44.49554426236153  b
    0.00000000000000     0.00000000000000   -48.60980684982906  b
    0.00000000000000     0.00000000000000   -18.08004730189792  n
    2.28143611564723     0.00579767975290   -22.18270319150288  n
   -2.28143611564723    -0.00579767975290   -22.18270319150288  n
    0.00000000000000     0.00000000000000   -26.41634355776782  n
    2.28066888684029     0.05847190577392   -30.51902968299079  n
   -2.28066888684029    -0.05847190577392   -30.51902968299079  n
    0.00000000000000     0.00000000000000   -34.75304988420695  n
    2.28025881627107    -0.07424544974311   -38.85531649023006  n
   -2.28025881627107     0.07424544974311   -38.85531649023006  n
    0.00000000000000     0.00000000000000   -43.09111681345641  n
   -2.26229696944859    -0.33928709774307   -47.18320913402005  n
    2.26229696944859     0.33928709774307   -47.18320913402005  n
$end
