$coord
    3.05325695706797     1.76279889078920     0.17895139490248  b
    4.99844465458186     2.88585367851816     0.35255675459604  h
    0.00000000000000    -3.52559778157840     0.17895139490248  b
    0.00000000000000    -5.77170735703632     0.35255675459604  h
   -3.05325695706797     1.76279889078920     0.17895139490248  b
   -4.99844465458186     2.88585367851816     0.35255675459604  h
    5.18951297340077    -2.99616644109176     0.45045023707313  h
    0.00000000000000     5.99233288218353     0.45045023707313  h
   -5.18951297340077    -2.99616644109176     0.45045023707313  h
    0.00000000000000     3.40086262921531    -0.11318325655817  p
   -2.94523265283230    -1.70043036974459    -0.11318325655817  p
    2.94523265283230    -1.70043036974459    -0.11318325655817  p
$end
