$coord
    4.33438733519148    -0.32909013557010     6.54539335814289  h
   -4.33438733519148     0.32909013557010     6.54539335814289  h
    3.94645301780074    -0.29674180375452     1.91781312486051  h
   -3.94645301780074     0.29674180375452     1.91781312486051  h
   -3.91565048195578    -0.58642548043045    10.21391679576805  h
    3.91565048195578     0.58642548043045    10.21391679576805  h
   -4.28365196817519    -0.63598543779671    14.96445961830785  h
    4.28365196817519     0.63598543779671    14.96445961830785  h
    0.00000000000000     0.00000000000000    17.05546992201882  h
   -4.33949148545634    -0.28510864972620    -1.79351449923239  h
    4.33949148545634     0.28510864972620    -1.79351449923239  h
   -3.94977137687705    -0.25726731471983    -6.41810329605818  h
    3.94977137687705     0.25726731471983    -6.41810329605818  h
   -4.30815037766562     0.60751671371668   -10.10274987698574  h
    4.30815037766562    -0.60751671371668   -10.10274987698574  h
   -3.91483223054346     0.54904480794277   -14.76619144295094  h
    3.91483223054346    -0.54904480794277   -14.76619144295094  h
    0.00000000000000     0.00000000000000   -17.52636321631715  h
    0.00000000000000     0.00000000000000   -15.26197054059543  b
    2.31502599752724    -0.31837727816488   -11.14720150652628  b
   -2.31502599752724     0.31837727816488   -11.14720150652628  b
    0.00000000000000     0.00000000000000    -6.96955750481091  b
    2.32254899723269     0.14332060880697    -2.82582652814299  b
   -2.32254899723269    -0.14332060880697    -2.82582652814299  b
    0.00000000000000     0.00000000000000     1.36386258789605  b
    2.31914182102849    -0.16486915581557     5.51081932706012  b
   -2.31914182102849     0.16486915581557     5.51081932706012  b
    0.00000000000000     0.00000000000000     9.70732090578144  b
    2.33389113343769     0.34395094182070    13.83995919009291  b
   -2.33389113343769    -0.34395094182070    13.83995919009291  b
    2.26597626621486    -0.31320698748563   -13.83578667480790  n
   -2.26597626621486     0.31320698748563   -13.83578667480790  n
    0.00000000000000     0.00000000000000    -9.74393812891444  n
    2.27726360036222     0.13920856475798    -5.50810945979621  n
   -2.27726360036222    -0.13920856475798    -5.50810945979621  n
    0.00000000000000     0.00000000000000    -1.40666299491155  n
    2.27543434547277    -0.16156780427439     2.82781263030085  n
   -2.27543434547277     0.16156780427439     2.82781263030085  n
    0.00000000000000     0.00000000000000     6.92985624864116  n
    2.27295313507005     0.33509568519681    11.14996617584783  n
   -2.27295313507005    -0.33509568519681    11.14996617584783  n
    0.00000000000000     0.00000000000000    15.14913121419209  n
$end
