$coord
    4.12303280641577     2.38043508790771     2.05388852370247  h
    4.12303280641577     2.38043508790771    -2.05388852370247  h
   -4.12303280641577     2.38043508790771     2.05388852370247  h
   -4.12303280641577     2.38043508790771    -2.05388852370247  h
    0.00000000000000    -4.76086828608930     2.05388852370247  h
    0.00000000000000    -4.76086828608930    -2.05388852370247  h
    2.64857588675343     1.52915693208985     0.00000000000000  p
   -2.64857588675343     1.52915693208985     0.00000000000000  p
    0.00000000000000    -3.05831197445357     0.00000000000000  p
    0.00000000000000     3.02576144194256     0.00000000000000  n
   -2.62038684213997    -1.51288072097128     0.00000000000000  n
    2.62038684213997    -1.51288072097128     0.00000000000000  n
$end
