$coord
   11.54370384216984    -4.00310511731584     4.34386053225840  h
    9.09946971054055    -7.94367919714028     3.95882883419636  h
    9.09946971054055    -7.94367919714028    -3.95882883419636  h
   11.54370384216984    -4.00310511731584    -4.34386053225840  h
    6.26984294315926   -10.48670632088239     4.34386053225840  h
    1.86449828168297   -11.93423842270921     3.95882883419636  h
    1.86449828168297   -11.93423842270921    -3.95882883419636  h
    6.26984294315926   -10.48670632088239    -4.34386053225840  h
   -1.93774595603184   -12.06346167462027     4.34386053225840  h
   -6.24289166915798   -10.34063238111062     3.95882883419636  h
   -6.24289166915798   -10.34063238111062    -3.95882883419636  h
   -1.93774595603184   -12.06346167462027    -4.34386053225840  h
   -9.23864237050214    -7.99558808408048     4.34386053225840  h
  -11.42916376225359    -3.90853188364118     3.95882883419636  h
  -11.42916376225359    -3.90853188364118    -3.95882883419636  h
   -9.23864237050214    -7.99558808408048    -4.34386053225840  h
  -12.21667499969401    -0.18649140214306     4.34386053225840  h
  -11.26760162715758     4.35241532242835     3.95882883419636  h
  -11.26760162715758     4.35241532242835    -3.95882883419636  h
  -12.21667499969401    -0.18649140214306    -4.34386053225840  h
   -9.47839003431285     7.70986716308964     4.34386053225840  h
   -5.83380564724499    10.57681980090097     3.95882883419636  h
   -5.83380564724499    10.57681980090097    -3.95882883419636  h
   -9.47839003431285     7.70986716308964    -4.34386053225840  h
   -2.30506147166770    11.99869320139632     4.34386053225840  h
    2.32969405171304    11.85221108078146     3.95882883419636  h
    2.32969405171304    11.85221108078146    -3.95882883419636  h
   -2.30506147166770    11.99869320139632    -4.34386053225840  h
    5.94683205653475    10.67319772302544     4.34386053225840  h
    9.40310334547461     7.58182121055474     3.95882883419636  h
    9.40310334547461     7.58182121055474    -3.95882883419636  h
    5.94683205653475    10.67319772302544    -4.34386053225840  h
   11.41613599034469     4.35359262180450     4.34386053225840  h
   12.07669731640297    -0.23618553006422     3.95882883419636  h
   12.07669731640297    -0.23618553006422    -3.95882883419636  h
   11.41613599034469     4.35359262180450    -4.34386053225840  h
  -11.43487640433085    -3.30473604066552     0.00000000000000  b
   -9.67219845601368    -7.03792212685159     2.32951263800500  b
   -9.67219845601368    -7.03792212685159    -2.32951263800500  b
   -6.63538022651107    -9.88177097305308     0.00000000000000  b
   -2.88544549767506   -11.60853089690367     2.32951263800500  b
   -2.88544549767506   -11.60853089690367    -2.32951263800500  b
    1.26888495283054   -11.83501646276592     0.00000000000000  b
    5.25143929853203   -10.74737892208029     2.32951263800500  b
    5.25143929853203   -10.74737892208029    -2.32951263800500  b
    8.57942463971906    -8.25052536648762     0.00000000000000  b
   10.93111888298468    -4.85740872466056     2.32951263800500  b
   10.93111888298468    -4.85740872466056    -2.32951263800500  b
   11.87555486760924    -0.80552032741603     0.00000000000000  b
   11.49600526503716     3.30539555508331     2.32951263800500  b
   11.49600526503716     3.30539555508331    -2.32951263800500  b
    9.61498132838707     7.01639436683038     0.00000000000000  b
    6.68178245152169     9.92157049498135     2.32951263800500  b
    6.68178245152169     9.92157049498135    -2.32951263800500  b
    2.85545176461180    11.55526140715314     0.00000000000000  b
   -1.25891853724488    11.89533085151216     2.32951263800500  b
   -1.25891853724488    11.89533085151216    -2.32951263800500  b
   -5.24017653082430    10.68729319019523     0.00000000000000  b
   -8.61055976736210     8.30313345209424     2.32951263800500  b
   -8.61055976736210     8.30313345209424    -2.32951263800500  b
  -10.88386628121761     4.81862209593554     0.00000000000000  b
  -11.93322363977984     0.82580842709895     2.32951263800500  b
  -11.93322363977984     0.82580842709895    -2.32951263800500  b
  -11.47181866035743     3.46247714953586     2.28314631779077  n
  -11.47181866035743     3.46247714953586    -2.28314631779077  n
  -11.98039687304964    -0.60319868952001     0.00000000000000  n
  -11.01356007493390    -4.72152985733565     2.28314631779077  n
  -11.01356007493390    -4.72152985733565    -2.28314631779077  n
   -8.78978895200502    -8.16292900166815     0.00000000000000  n
   -5.40193519743736   -10.69628261737404     2.28314631779077  n
   -5.40193519743736   -10.69628261737404    -2.28314631779077  n
   -1.48633951753922   -11.90313353068417     0.00000000000000  n
    2.73731553587880   -11.66612408002925     2.28314631779077  n
    2.73731553587880   -11.66612408002925    -2.28314631779077  n
    6.51258393315269   -10.07372935287708     0.00000000000000  n
    9.59574580615603    -7.17725730325998     2.28314631779077  n
    9.59574580615603    -7.17725730325998    -2.28314631779077  n
   11.46419739489346    -3.53071515992614     0.00000000000000  n
   11.96421892768960     0.66992869846218     2.28314631779077  n
   11.96421892768960     0.66992869846218    -2.28314631779077  n
   11.05158514403037     4.66435808313604     0.00000000000000  n
    8.73450312447863     8.20364693049339     2.28314631779077  n
    8.73450312447863     8.20364693049339    -2.28314631779077  n
    5.46781293989695    10.67692804239710     0.00000000000000  n
    1.41781426877787    11.89878905032175     2.28314631779077  n
    1.41781426877787    11.89878905032175    -2.28314631779077  n
   -2.67440844288843    11.69364416159430     0.00000000000000  n
   -6.56228373025223    10.02635391891186     2.28314631779077  n
   -6.56228373025223    10.02635391891186    -2.28314631779077  n
   -9.56524562649114     7.23877355782200     0.00000000000000  n
$end
