$coord
    0.00000000000000     2.35236131658791    -5.52686121213913  n
    0.00000000000000     2.36860918181460    -2.77836038732374  b
    0.00000000000000     0.00000000000000    -1.41846244483890  n
    0.00000000000000    -2.36860918181460    -2.77836038732374  b
    0.00000000000000    -2.35236131658791    -5.52686121213913  n
    0.00000000000000     0.00000000000000    -6.87776594799292  b
    0.00000000000000     0.00000000000000     1.32434274543435  b
    0.00000000000000    -2.37281949162212     2.67657028957596  n
    0.00000000000000    -4.75046723349478     1.32755905929988  b
    0.00000000000000    -4.75571500294518    -1.43331569218500  n
    0.00000000000000     4.75571500294518    -1.43331569218500  n
    0.00000000000000     4.75046723349478     1.32755905929988  b
    0.00000000000000     2.37281949162212     2.67657028957596  n
    0.00000000000000     2.37154959566581     5.42255210946611  b
    0.00000000000000     0.00000000000000     6.71722237527852  n
    0.00000000000000    -2.37154959566581     5.42255210946611  b
    0.00000000000000    -7.06858104351102    -2.85394565288981  b
    0.00000000000000    -6.98879680649419    -5.54184485058789  n
    0.00000000000000    -4.68501278968730    -6.92581412445881  b
    0.00000000000000     4.68501278968730    -6.92581412445881  b
    0.00000000000000     6.98879680649419    -5.54184485058789  n
    0.00000000000000     7.06858104351102    -2.85394565288981  b
    0.00000000000000     7.04227605584465     2.76766831690590  n
    0.00000000000000     7.09880343343547     5.45634797149380  b
    0.00000000000000     4.73969768430580     6.74442498285449  n
    0.00000000000000    -4.73969768430580     6.74442498285449  n
    0.00000000000000    -7.09880343343547     5.45634797149380  b
    0.00000000000000    -7.04227605584465     2.76766831690590  n
    0.00000000000000     0.00000000000000    -9.13988150373346  h
    0.00000000000000     0.00000000000000     8.62666590312938  h
    0.00000000000000    -9.09889523379841    -1.84059891537430  h
    0.00000000000000    -8.63752237972013    -6.50165375724305  h
    0.00000000000000    -4.68758659667017    -9.18874415215943  h
    0.00000000000000     4.68758659667017    -9.18874415215943  h
    0.00000000000000     8.63752237972013    -6.50165375724305  h
    0.00000000000000     9.09889523379841    -1.84059891537430  h
    0.00000000000000     8.70381397220119     1.83256946906723  h
    0.00000000000000     9.06238572505456     6.59251556880731  h
    0.00000000000000     4.74981338825537     8.65221500034557  h
    0.00000000000000    -4.74981338825537     8.65221500034557  h
    0.00000000000000    -9.06238572505456     6.59251556880731  h
    0.00000000000000    -8.70381397220119     1.83256946906723  h
$end
