$coord
    0.00023432603956    -4.61061238240190     0.00000000000000  as
    0.00019653151705     2.30557736689995     3.99321429077520  as
    0.00019653151705     2.30557736689995    -3.99321429077520  as
   -0.00012283219815    -1.85831131834822    -3.21911254992103  si
   -0.00012283219815    -1.85831131834822     3.21911254992103  si
    0.00020598014767     3.71677381478647     0.00000000000000  si
   -0.00031747398908    -4.09308064732726    -7.08780711711143  c
   -0.00031747398908    -4.09308064732726     7.08780711711143  c
   -0.00033826097646     8.18463439594516     0.00000000000000  c
    3.81108815598195    -3.66686614781313     6.34976135073100  h
   -0.00043463700886    -5.12506008443978     8.87327327277550  h
   -3.81159271285744    -3.66716283481483     6.34961206236708  h
   -0.00043463700886    -5.12506008443978    -8.87327327277550  h
   -3.81159271285744    -3.66716283481483    -6.34961206236708  h
    3.81108815598195    -3.66686614781313    -6.34976135073100  h
    3.81103524365043     7.33261357775999     0.00000000000000  h
   -0.00033826097646    10.24688495775279     0.00000000000000  h
   -3.81156625669169     7.33256255515460     0.00000000000000  h
   -2.00994483238108    -3.36099129769427     5.82168305415018  n
    2.00938547344794    -3.36155632580579     5.82154510414302  n
   -2.00995428101171     6.72216589882272     0.00000000000000  n
    2.00941381933983     6.72225471595062     0.00000000000000  n
   -2.00994483238108    -3.36099129769427    -5.82168305415018  n
    2.00938547344794    -3.36155632580579    -5.82154510414302  n
$end
