$coord
    0.00000000000000     2.65944559142706     0.00000000000000  n
    0.00000000000000     4.56673483149489     0.00000000000000  h
    2.30314906882874    -1.32972279571353     0.00000000000000  n
    3.95490765248604    -2.28336741574745     0.00000000000000  h
   -2.30314906882874    -1.32972279571353     0.00000000000000  n
   -3.95490765248604    -2.28336741574745     0.00000000000000  h
    2.36859784345785     1.36750975931818     0.00000000000000  b
    4.33232942344085     2.50127173527399     0.00000000000000  h
   -2.36859784345785     1.36750975931818     0.00000000000000  b
   -4.33232942344085     2.50127173527399     0.00000000000000  h
    0.00000000000000    -2.73502140836249     0.00000000000000  b
    0.00000000000000    -5.00254347054798     0.00000000000000  h
$end
