$coord
    0.00000000000000     2.36158129035402    -5.28544303043352  b
    0.00000000000000     0.00000000000000    -3.93035633066409  n
    0.00000000000000    -2.36158129035402    -5.28544303043352  b
    0.00000000000000     0.00000000000000    -1.18145110445786  b
    0.00000000000000    -2.36758683998073     0.18083167239731  n
    0.00000000000000    -4.73524171010197    -1.18317831413653  b
    0.00000000000000    -4.65796891910587    -3.89911159890577  n
    0.00000000000000     4.65796891910587    -3.89911159890577  n
    0.00000000000000     4.73524171010197    -1.18317831413653  b
    0.00000000000000     2.36758683998073     0.18083167239731  n
    0.00000000000000     2.37341286562551     2.91930561039102  b
    0.00000000000000     0.00000000000000     4.22082235395596  n
    0.00000000000000    -2.37341286562551     2.91930561039102  b
    0.00000000000000     7.05834250736329     0.22183306014137  n
    0.00000000000000     7.11688622272997     2.91328683268143  b
    0.00000000000000     4.76172055257188     4.21596008863516  n
    0.00000000000000    -4.76172055257188     4.21596008863516  n
    0.00000000000000    -7.11688622272997     2.91328683268143  b
    0.00000000000000    -7.05834250736329     0.22183306014137  n
    0.00000000000000     0.00000000000000     6.13043973661036  h
    0.00000000000000     8.72072513129791    -0.71458103708062  h
    0.00000000000000     9.08379443232988     4.04495310236410  h
    0.00000000000000     4.79345094394445     6.12364239173709  h
    0.00000000000000    -4.79345094394445     6.12364239173709  h
    0.00000000000000    -9.08379443232988     4.04495310236410  h
    0.00000000000000    -8.72072513129791    -0.71458103708062  h
    0.00000000000000     6.29167683881280    -4.88614956930265  h
    0.00000000000000     2.39217973577743    -7.55254746314527  h
    0.00000000000000    -2.39217973577743    -7.55254746314527  h
    0.00000000000000    -6.29167683881280    -4.88614956930265  h
$end
