$coord
   -2.06466563179596    -3.09202279880561    -4.32775817594337  h
    0.42606332142410    -7.17097963307120     1.98004558562409  h
   -1.75321042042863   -10.97921997178208    -4.60704457947703  h
   -2.81893091751120    -6.98464507819656    -6.99247232380821  h
   -0.62748167023215    -4.23472884851321     4.41026739803311  h
    0.00000000000000     0.00000000000000    -3.09616507847261  h
    0.00000000000000     0.00000000000000     6.38788657531211  h
    0.62748167023215     4.23472884851321     4.41026739803311  h
    2.06466563179596     3.09202279880561    -4.32775817594337  h
   -0.42606332142410     7.17097963307120     1.98004558562409  h
    2.81893091751120     6.98464507819656    -6.99247232380821  h
    1.75321042042863    10.97921997178208    -4.60704457947703  h
   -1.49248490689921    -9.36048813161941    -3.63375814609511  n
   -0.22353759310653    -7.13489720243171     0.18635723158815  n
   -1.65358027964224    -4.74983984442113    -3.47995900592247  n
   -0.35957519742599    -2.35431529340164     0.48154001128916  n
    0.35957519742599     2.35431529340164     0.48154001128916  n
    0.00000000000000     0.00000000000000     4.47993404137424  n
    1.65358027964224     4.74983984442113    -3.47995900592247  n
    0.22353759310653     7.13489720243171     0.18635723158815  n
    1.49248490689921     9.36048813161941    -3.63375814609511  n
   -0.56950487270310    -9.49448861117563    -1.09087086208629  b
   -0.74042304184626    -4.72899049607895    -0.93199969699292  b
   -2.04506917187496    -7.02888167706740    -4.86001843643982  b
   -0.34062502383990    -2.33949039194742     3.19770006319346  b
    0.00000000000000     0.00000000000000    -0.82589535450072  b
    0.34062502383990     2.33949039194742     3.19770006319346  b
    0.74042304184626     4.72899049607895    -0.93199969699292  b
    2.04506917187496     7.02888167706740    -4.86001843643982  b
    0.56950487270310     9.49448861117563    -1.09087086208629  b
    2.30199633589221    14.30255280724823    -2.69818308727282  h
   -2.44706305163911    10.16800400982392     3.29805207935978  h
    1.14052908521107    18.19417164206657    -0.36282741608790  h
   -3.17476823666103    14.43348815102896     5.09101666828966  h
   -1.57634150371640    18.72704417382767     3.58595185457328  h
    0.00000000000000    11.92685715246317     0.14413697049317  n
    0.41440560095615    16.59066343557058     0.37253682892051  n
   -2.07181635545469    14.41370082876929     3.53463823136259  n
    0.98272561537859    14.26106387016381    -0.85221734970222  b
   -1.11734214565170    16.74748046836557     2.58384331832587  b
   -1.55014045098693    12.03869870347227     2.37828268985082  b
   -2.30199633589221   -14.30255280724823    -2.69818308727282  h
    2.44706305163911   -10.16800400982392     3.29805207935978  h
   -1.14052908521107   -18.19417164206657    -0.36282741608790  h
    3.17476823666103   -14.43348815102896     5.09101666828966  h
    1.57634150371640   -18.72704417382767     3.58595185457328  h
    0.00000000000000   -11.92685715246317     0.14413697049317  n
   -0.41440560095615   -16.59066343557058     0.37253682892051  n
    2.07181635545469   -14.41370082876929     3.53463823136259  n
   -0.98272561537859   -14.26106387016381    -0.85221734970222  b
    1.55014045098693   -12.03869870347227     2.37828268985082  b
    1.11734214565170   -16.74748046836557     2.58384331832587  b
$end
