$coord
   -0.01034436081076     3.95309162567947    -6.42435828953344  h
   -0.01335469452861     4.34794045096326    -1.75678011307962  h
    0.01335469452861    -4.34794045096326    -1.75678011307962  h
    0.01034436081076    -3.95309162567947    -6.42435828953344  h
    0.00000000000000     0.00000000000000    -9.18597759311176  h
   -1.13166626968267    -3.79504060172456     1.88354483130146  h
    1.13166626968267     3.79504060172456     1.88354483130146  h
   -1.23030052480094    -4.15242938602339     6.63329396886856  h
    1.23030052480094     4.15242938602339     6.63329396886856  h
    0.00000000000000     0.00000000000000     8.72363719925724  h
    0.00000000000000     0.00000000000000    -6.92049643514177  b
    0.00258136588738     2.33462245744824    -2.80363925370399  b
   -0.00258136588738    -2.33462245744824    -2.80363925370399  b
    0.00000000000000     0.00000000000000     1.38112145659986  b
    0.66731331750455     2.26324750168970     5.51023351196123  b
   -0.66731331750455    -2.26324750168970     5.51023351196123  b
    0.00000000000000    -2.28707694813172    -5.49507412898280  n
    0.00000000000000     2.28707694813172    -5.49507412898280  n
    0.00000000000000     0.00000000000000    -1.40338620981000  n
    0.64996563167284     2.20376081298641     2.81834132296006  n
   -0.64996563167284    -2.20376081298641     2.81834132296006  n
    0.00000000000000     0.00000000000000     6.81711707772247  n
$end
