$coord
    2.36190821297372     4.09777094757065     0.00000000000000  b
    0.00000000000000     2.74173560528625     0.00000000000000  n
   -2.36190821297372     4.09777094757065     0.00000000000000  b
    0.00000000000000     0.00000000000000     0.00000000000000  b
   -2.37441253074588    -1.37086780264312     0.00000000000000  n
   -4.72972748926788    -0.00341284538258     0.00000000000000  b
   -4.65443513125127     2.68723968328029     0.00000000000000  n
    4.65443513125127     2.68723968328029     0.00000000000000  n
    4.72972748926788    -0.00341284538258     0.00000000000000  b
    2.37441253074588    -1.37086780264312     0.00000000000000  n
    2.36781927629416    -4.09435810218807     0.00000000000000  b
    0.00000000000000    -5.37447936656059     0.00000000000000  n
   -2.36781927629416    -4.09435810218807     0.00000000000000  b
    0.00000000000000    -7.28305173066761     0.00000000000000  h
    4.31159723811846    -5.25527922201896     0.00000000000000  h
    6.70700273639205    -1.10631370398353     0.00000000000000  h
    6.30730676359646     3.64152492047074     0.00000000000000  h
    2.39540549827359     6.36159292600249     0.00000000000000  h
   -2.39540549827359     6.36159292600249     0.00000000000000  h
   -6.30730676359646     3.64152492047074     0.00000000000000  h
   -6.70700273639205    -1.10631370398353     0.00000000000000  h
   -4.31159723811846    -5.25527922201896     0.00000000000000  h
$end
