$coord
   -3.29690312587550     1.90346821384216     0.00000000000000  se
    3.29690312587550     1.90346821384216     0.00000000000000  se
    0.00000000000000    -3.80693453795819     0.00000000000000  se
    0.00000000000000     3.39626870500432     0.00000000000000  b
    0.00000000000000     5.65054945622872     0.00000000000000  h
   -2.94125477933821    -1.69813435250216     0.00000000000000  b
   -4.89351950119194    -2.82527472811436     0.00000000000000  h
    2.94125477933821    -1.69813435250216     0.00000000000000  b
    4.89351950119194    -2.82527472811436     0.00000000000000  h
$end
