$coord
   -5.62360952058419     7.61541865133926     3.95943732600876  h
   -8.70588889148694     4.14016317374305     4.33992612246519  h
   -8.70588889148694     4.14016317374305    -4.33992612246519  h
   -5.62360952058419     7.61541865133926    -3.95943732600876  h
   -9.46023732515170     0.35142102919464     3.95943732600876  h
   -9.46023732515170     0.35142102919464    -3.95943732600876  h
   -8.66494230580052    -4.22518762130577     4.33992612246519  h
   -8.66494230580052    -4.22518762130577    -4.33992612246519  h
   -6.17311353197545    -7.17720439092846    -3.95943732600876  h
   -6.17311353197545    -7.17720439092846     3.95943732600876  h
   -2.09911722878918    -9.40888590741851    -4.33992612246519  h
   -2.09911722878918    -9.40888590741851     4.33992612246519  h
    1.76249086543075    -9.30124710731243     3.95943732600876  h
    1.76249086543075    -9.30124710731243    -3.95943732600876  h
    6.04738438367036    -7.50750017176661     4.33992612246519  h
    6.04738438367036    -7.50750017176661    -4.33992612246519  h
    8.37090281040541    -4.42126182463102    -3.95943732600876  h
    8.37090281040541    -4.42126182463102     3.95943732600876  h
    9.64008256051152     0.04718646135268    -4.33992612246519  h
    9.64008256051152     0.04718646135268     4.33992612246519  h
    8.67585547417504     3.78802404862073     3.95943732600876  h
    8.67585547417504     3.78802404862073    -3.95943732600876  h
    5.97360191682799     7.56634057413499     4.33992612246519  h
    5.97360191682799     7.56634057413499    -4.33992612246519  h
    2.44771122770014     9.14485148344342    -3.95943732600876  h
    2.44771122770014     9.14485148344342     3.95943732600876  h
   -2.19112232465935     9.38788727071242    -4.33992612246519  h
   -2.19112232465935     9.38788727071242     4.33992612246519  h
    2.94767795843864     8.75529011185866     0.00000000000000  b
   -1.13997161600406     9.24340259061217     2.33070883464242  b
   -1.13997161600406     9.24340259061217    -2.33070883464242  b
   -5.00731313928863     7.76342200148511     0.00000000000000  b
   -7.93754325641092     4.87190292404283     2.33070883464242  b
   -7.93754325641092     4.87190292404283    -2.33070883464242  b
   -9.19169590436739     0.92553872336998     0.00000000000000  b
   -8.75798486131357    -3.16824112262370     2.33070883464242  b
   -8.75798486131357    -3.16824112262370    -2.33070883464242  b
   -6.45454477466151    -6.60929444707525     0.00000000000000  b
   -2.98348448906382    -8.82263428179160     2.33070883464242  b
   -2.98348448906382    -8.82263428179160    -2.33070883464242  b
    1.14301218533992    -9.16719371542471     0.00000000000000  b
    5.03764135387611    -7.83340422908919     2.33070883464242  b
    5.03764135387611    -7.83340422908919    -2.33070883464242  b
    7.87985558697907    -4.82200848515236     0.00000000000000  b
    9.26531963421523    -0.94546021618456     2.33070883464242  b
    9.26531963421523    -0.94546021618456    -2.33070883464242  b
    8.68300808755990     3.15424581093856     0.00000000000000  b
    6.51602323470103     6.65443244530793     2.33070883464242  b
    6.51602323470103     6.65443244530793    -2.33070883464242  b
    8.16059707962934     4.54259735969442     2.28376236850767  n
    8.16059707962934     4.54259735969442    -2.28376236850767  n
    5.45124571095506     7.61423757251084     0.00000000000000  n
    1.53650418726563     9.21247533284293     2.28376236850767  n
    1.53650418726563     9.21247533284293    -2.28376236850767  n
   -2.55425398665345     9.00935434079584     0.00000000000000  n
   -6.24460943020602     6.94517058916187     2.28376236850767  n
   -6.24460943020602     6.94517058916187    -2.28376236850767  n
   -8.63634885979622     3.62024471457196     0.00000000000000  n
   -9.32340414613343    -0.55198900124623     2.28376236850767  n
   -9.32340414613343    -0.55198900124623    -2.28376236850767  n
   -8.21509678108754    -4.49498382023738     0.00000000000000  n
   -5.38148458130766    -7.63349010227701     2.28376236850767  n
   -5.38148458130766    -7.63349010227701    -2.28376236850767  n
   -1.60770906767288    -9.22539728008881     0.00000000000000  n
    2.61280148147238    -8.96681849543791     2.28376236850767  n
    2.61280148147238    -8.96681849543791    -2.28376236850767  n
    6.21031657020734    -7.00889971301681     0.00000000000000  n
    8.63959540927976    -3.54794946219032     2.28376236850767  n
    8.63959540927976    -3.54794946219032    -2.28376236850767  n
    9.35184641404769     0.48544418546436     0.00000000000000  n
$end
