$coord
    1.33960228389742     3.02478445353570    -3.74084892562480  h
   -1.33761051256119     7.17508033876345     3.41475400596355  h
   -1.21531310689994    11.02562975569720     0.74838256828669  h
    0.00033826097646    11.52724054816485    -3.89153190741656  h
    1.21583278158444     7.25045017555121    -5.75890635226247  h
    0.00302545152686     3.94866399736753     5.09577499867356  h
    0.00000000000000     0.00000000000000    -1.76312959286116  h
    0.00000000000000     0.00000000000000     7.77894421187962  h
   -0.00302545152686    -3.94866399736753     5.09577499867356  h
   -1.33960228389742    -3.02478445353570    -3.74084892562480  h
    1.33761051256119    -7.17508033876345     3.41475400596355  h
   -1.21583278158444    -7.25045017555121    -5.75890635226247  h
    1.21531310689994   -11.02562975569720     0.74838256828669  h
   -0.00033826097646   -11.52724054816485    -3.89153190741656  h
    0.00008125822339     9.56728275125439    -2.75442700594482  b
   -0.70872288609170     7.12134975583831     1.23490200791643  b
    0.70906492652041     4.88945847974833    -2.61179425744752  b
   -0.00381535704730     2.38628945944438     1.41692042832053  b
    0.00381535704730    -2.38628945944438     1.41692042832053  b
    0.00000000000000     0.00000000000000     5.50944171671466  b
   -0.70906492652041    -4.88945847974833    -2.61179425744752  b
    0.70872288609170    -7.12134975583831     1.23490200791643  b
   -0.00008125822339    -9.56728275125439    -2.75442700594482  b
   -0.69722201289217     9.42759986523892    -0.15544509162791  n
    0.00000000000000     4.79517248444474     0.01378744181134  n
    0.69734862454257     7.24161948536694    -3.92311867960359  n
   -0.00632113388966     2.30814172525220     4.12425356949282  n
    0.00000000000000     0.00000000000000     0.14470577805693  n
    0.00632113388966    -2.30814172525220     4.12425356949282  n
    0.00000000000000    -4.79517248444474     0.01378744181134  n
   -0.69734862454257    -7.24161948536694    -3.92311867960359  n
    0.69722201289217    -9.42759986523892    -0.15544509162791  n
$end
