$coord
    7.52944745098768     7.70181126061681     3.95921811777821  h
   10.20066792590246     3.90748497536768     4.34208607942659  h
   10.20066792590246     3.90748497536768    -4.34208607942659  h
    7.52944745098768     7.70181126061681    -3.95921811777821  h
   10.77012555545243     0.12187977618753     3.95921811777821  h
   10.77012555545243     0.12187977618753    -3.95921811777821  h
    9.97597004095490    -4.44995164666773     4.34208607942659  h
    9.97597004095490    -4.44995164666773    -4.34208607942659  h
    4.44995164666773     9.97597004095490    -4.34208607942659  h
    4.44995164666773     9.97597004095490     4.34208607942659  h
   -0.12187977618753    10.77012555545243    -3.95921811777821  h
   -0.12187977618753    10.77012555545243     3.95921811777821  h
    7.70181126061681    -7.52944745098768    -3.95921811777821  h
    7.70181126061681    -7.52944745098768     3.95921811777821  h
    3.90748497536768   -10.20066792590246    -4.34208607942659  h
    3.90748497536768   -10.20066792590246     4.34208607942659  h
    0.12187977618753   -10.77012555545243     3.95921811777821  h
    0.12187977618753   -10.77012555545243    -3.95921811777821  h
   -4.44995164666773    -9.97597004095490     4.34208607942659  h
   -4.44995164666773    -9.97597004095490    -4.34208607942659  h
   -7.52944745098768    -7.70181126061681    -3.95921811777821  h
   -7.52944745098768    -7.70181126061681     3.95921811777821  h
  -10.20066792590246    -3.90748497536768    -4.34208607942659  h
  -10.20066792590246    -3.90748497536768     4.34208607942659  h
  -10.77012555545243    -0.12187977618753     3.95921811777821  h
  -10.77012555545243    -0.12187977618753    -3.95921811777821  h
   -9.97597004095490     4.44995164666773     4.34208607942659  h
   -9.97597004095490     4.44995164666773    -4.34208607942659  h
   -7.70181126061681     7.52944745098768    -3.95921811777821  h
   -7.70181126061681     7.52944745098768     3.95921811777821  h
   -3.90748497536768    10.20066792590246    -4.34208607942659  h
   -3.90748497536768    10.20066792590246     4.34208607942659  h
   -0.69688375191571    10.54794289597785     0.00000000000000  b
    3.40026547575966    10.07959317304438    -2.33000396679762  b
    3.40026547575966    10.07959317304438     2.33000396679762  b
    6.96575159639423     7.95129290369975     0.00000000000000  b
    9.53169920831202     4.72299817453513    -2.33000396679762  b
    9.53169920831202     4.72299817453513     2.33000396679762  b
   10.54794289597785     0.69688375191571     0.00000000000000  b
   10.07959317304438    -3.40026547575966    -2.33000396679762  b
   10.07959317304438    -3.40026547575966     2.33000396679762  b
    7.95129290369975    -6.96575159639423     0.00000000000000  b
    4.72299817453513    -9.53169920831202    -2.33000396679762  b
    4.72299817453513    -9.53169920831202     2.33000396679762  b
    0.69688375191571   -10.54794289597785     0.00000000000000  b
   -3.40026547575966   -10.07959317304438    -2.33000396679762  b
   -3.40026547575966   -10.07959317304438     2.33000396679762  b
   -6.96575159639423    -7.95129290369975     0.00000000000000  b
   -9.53169920831202    -4.72299817453513    -2.33000396679762  b
   -9.53169920831202    -4.72299817453513     2.33000396679762  b
  -10.54794289597785    -0.69688375191571     0.00000000000000  b
  -10.07959317304438     3.40026547575966    -2.33000396679762  b
  -10.07959317304438     3.40026547575966     2.33000396679762  b
   -7.95129290369975     6.96575159639423     0.00000000000000  b
   -4.72299817453513     9.53169920831202    -2.33000396679762  b
   -4.72299817453513     9.53169920831202     2.33000396679762  b
   -6.96658685534168     8.07083508867009    -2.28335229793844  n
   -6.96658685534168     8.07083508867009     2.28335229793844  n
   -3.41665318071963    10.11593827561531     0.00000000000000  n
    0.78082160695630    10.63306371957297    -2.28335229793844  n
    0.78082160695630    10.63306371957297     2.28335229793844  n
    4.73711064924005     9.56898728421955     0.00000000000000  n
    8.07083508867009     6.96658685534168    -2.28335229793844  n
    8.07083508867009     6.96658685534168     2.28335229793844  n
   10.11593827561531     3.41665318071963     0.00000000000000  n
   10.63306371957297    -0.78082160695630    -2.28335229793844  n
   10.63306371957297    -0.78082160695630     2.28335229793844  n
    9.56898728421955    -4.73711064924005     0.00000000000000  n
    6.96658685534168    -8.07083508867009    -2.28335229793844  n
    6.96658685534168    -8.07083508867009     2.28335229793844  n
    3.41665318071963   -10.11593827561531     0.00000000000000  n
   -0.78082160695630   -10.63306371957297    -2.28335229793844  n
   -0.78082160695630   -10.63306371957297     2.28335229793844  n
   -4.73711064924005    -9.56898728421955     0.00000000000000  n
   -8.07083508867009    -6.96658685534168    -2.28335229793844  n
   -8.07083508867009    -6.96658685534168     2.28335229793844  n
  -10.11593827561531    -3.41665318071963     0.00000000000000  n
  -10.63306371957297     0.78082160695630    -2.28335229793844  n
  -10.63306371957297     0.78082160695630     2.28335229793844  n
   -9.56898728421955     4.73711064924005     0.00000000000000  n
$end
