$coord
    4.34171947255825     0.22185951630713    31.55201445440205  h
    3.95174236122590     0.19793369383270    26.92514853759509  h
   -3.95174236122590    -0.19793369383270    26.92514853759509  h
   -4.34171947255825    -0.22185951630713    31.55201445440205  h
    4.34797446603352    -0.12758863881254    23.21002634344227  h
   -4.34797446603352     0.12758863881254    23.21002634344227  h
    3.95512497099047    -0.11377285110931    18.58701546793124  h
   -3.95512497099047     0.11377285110931    18.58701546793124  h
   -3.91097529952140     0.61404571748014    35.22272619488049  h
    3.91097529952140    -0.61404571748014    35.22272619488049  h
   -4.27884639463815     0.66699962296772    39.97375278730841  h
    4.27884639463815    -0.66699962296772    39.97375278730841  h
    0.00000000000000     0.00000000000000    42.06492749719229  h
   -4.35048213260200     0.00873431415187    14.87184792035141  h
    4.35048213260200    -0.00873431415187    14.87184792035141  h
   -3.95675013545836     0.00866439428522    10.24979135653374  h
    3.95675013545836    -0.00866439428522    10.24979135653374  h
    4.35062764151366    -0.00861148195371     6.53526442611044  h
   -4.35062764151366     0.00861148195371     6.53526442611044  h
    3.95679737861150    -0.00771953122250     1.91318329585314  h
   -3.95679737861150     0.00771953122250     1.91318329585314  h
   -4.35064275932266    -0.01324131096108    -1.80096190989282  h
    4.35064275932266     0.01324131096108    -1.80096190989282  h
   -3.95689186491777    -0.01205267322817    -6.42292965658260  h
    3.95689186491777     0.01205267322817    -6.42292965658260  h
    4.35044244835337     0.04182908778701   -10.13724304795372  h
   -4.35044244835337    -0.04182908778701   -10.13724304795372  h
    3.95696178478441     0.03795136977757   -14.75870623776800  h
   -3.95696178478441    -0.03795136977757   -14.75870623776800  h
   -4.34964876338067    -0.09103377664168   -18.47370182027041  h
    4.34964876338067     0.09103377664168   -18.47370182027041  h
   -3.95675013545836    -0.08308558855800   -23.09428628743635  h
    3.95675013545836     0.08308558855800   -23.09428628743635  h
    0.00000000000000     0.00000000000000   -23.65141723346996  b
    2.32695205910501     0.04719590998331   -19.50493103611113  b
   -2.32695205910501    -0.04719590998331   -19.50493103611113  b
    0.00000000000000     0.00000000000000   -15.31642488862662  b
    2.32740559337512     0.02226097375789   -11.16909776314196  b
   -2.32740559337512    -0.02226097375789   -11.16909776314196  b
    0.00000000000000     0.00000000000000    -6.98069177114210  b
    2.32752275639489     0.00697686885519    -2.83305851002512  b
   -2.32752275639489    -0.00697686885519    -2.83305851002512  b
    0.00000000000000     0.00000000000000     1.35540039430625  b
    2.32741882145799    -0.00452967352272     5.50322640748803  b
   -2.32741882145799     0.00452967352272     5.50322640748803  b
    0.00000000000000     0.00000000000000     9.69202168306973  b
    2.32712591390855    -0.00588460715468    13.84004800722081  b
   -2.32712591390855     0.00588460715468    13.84004800722081  b
    0.00000000000000     0.00000000000000    18.02961807051395  b
    2.32571428849283    -0.06418265812505    22.17789383851359  b
   -2.32571428849283     0.06418265812505    22.17789383851359  b
    0.00000000000000     0.00000000000000    26.36877726146392  b
    2.32221073625623     0.10875562824622    30.51777112539123  b
   -2.32221073625623    -0.10875562824622    30.51777112539123  b
    0.00000000000000     0.00000000000000    34.71503048428886  b
    2.33116425863865    -0.36101516873359    38.84871378714771  b
   -2.33116425863865     0.36101516873359    38.84871378714771  b
    2.28092399986723     0.04589766813512   -22.18339672099092  n
   -2.28092399986723    -0.04589766813512   -22.18339672099092  n
    0.00000000000000     0.00000000000000   -18.08062555809231  n
    2.28128304783107     0.02198696346970   -13.84686991853371  n
   -2.28128304783107    -0.02198696346970   -13.84686991853371  n
    0.00000000000000     0.00000000000000    -9.74413843988373  n
    2.28140021085084     0.00697875858132    -5.51059444965119  n
   -2.28140021085084    -0.00697875858132    -5.51059444965119  n
    0.00000000000000     0.00000000000000    -1.40789698607147  n
    2.28137375468509    -0.00433503173180     2.82564133498270  n
   -2.28137375468509     0.00433503173180     2.82564133498270  n
    0.00000000000000     0.00000000000000     6.92838793144168  n
    2.28127548892656    -0.00567106810250    11.16209443812101  n
   -2.28127548892656     0.00567106810250    11.16209443812101  n
    0.00000000000000     0.00000000000000    15.26494874896915  n
    2.28031361832871    -0.06281449641022    19.49897272963756  n
   -2.28031361832871     0.06281449641022    19.49897272963756  n
    0.00000000000000     0.00000000000000    23.60170420828754  n
    2.27836909014561     0.10671472403073    27.83632723213772  n
   -2.27836909014561    -0.10671472403073    27.83632723213772  n
    0.00000000000000     0.00000000000000    31.93910028476246  n
    2.27034342329079    -0.35172338537471    36.15938406677267  n
   -2.27034342329079     0.35172338537471    36.15938406677267  n
    0.00000000000000     0.00000000000000    40.15866059895833  n
    4.34687275570238    -0.17486202756699   -26.80889636580918  h
   -4.34687275570238     0.17486202756699   -26.80889636580918  h
    3.95497001344818    -0.15888817262849   -31.42991358025784  h
   -3.95497001344818     0.15888817262849   -31.42991358025784  h
    4.30473186310467     0.63546765283833   -35.11589619755610  h
   -4.30473186310467    -0.63546765283833   -35.11589619755610  h
    3.91117750021682     0.57411391472309   -39.77841557717208  h
   -3.91117750021682    -0.57411391472309   -39.77841557717208  h
    0.00000000000000     0.00000000000000   -42.53818672859969  h
   -2.32595428371076     0.08788171346442   -27.83952653846812  b
    2.32595428371076    -0.08788171346442   -27.83952653846812  b
    0.00000000000000     0.00000000000000   -31.98334444253780  b
    2.31324776524319     0.33382389951438   -36.15988295446979  b
   -2.31324776524319    -0.33382389951438   -36.15988295446979  b
    0.00000000000000     0.00000000000000   -40.27418522618594  b
    0.00000000000000     0.00000000000000   -26.41748306262147  n
   -2.27992055529461     0.08511704414287   -30.51975722754909  n
    2.27992055529461    -0.08511704414287   -30.51975722754909  n
    0.00000000000000     0.00000000000000   -34.75556888913219  n
    2.26396937706962     0.32799787386959   -38.84762152544720  n
   -2.26396937706962    -0.32799787386959   -38.84762152544720  n
$end
