$coord
   -4.34208796915272     0.21450470222684    23.21618307115901  h
   -3.95213164480774     0.19139902089087    18.58961951053212  h
    3.95213164480774    -0.19139902089087    18.58961951053212  h
    4.34208796915272    -0.21450470222684    23.21618307115901  h
   -4.34837130851986    -0.11458165389101    14.87387748621015  h
    4.34837130851986     0.11458165389101    14.87387748621015  h
   -3.95553504155969    -0.10219827859088    10.25128612989898  h
    3.95553504155969     0.10219827859088    10.25128612989898  h
    3.91025909331985     0.61887963690906    26.88719905754365  h
   -3.91025909331985    -0.61887963690906    26.88719905754365  h
    4.27802625349970     0.67225684104874    31.63810281777341  h
   -4.27802625349970    -0.67225684104874    31.63810281777341  h
    0.00000000000000     0.00000000000000    33.72931343245367  h
    4.35022512984894    -0.04040612401454     6.53589370491022  h
   -4.35022512984894     0.04040612401454     6.53589370491022  h
    3.95678226080249    -0.03607676146112     1.91415272535550  h
   -3.95678226080249     0.03607676146112     1.91415272535550  h
   -4.35025914491920    -0.04930484433932    -1.80095057153607  h
    4.35025914491920     0.04930484433932    -1.80095057153607  h
   -3.95689942382227    -0.04444446874464    -6.42232683394858  h
    3.95689942382227     0.04444446874464    -6.42232683394858  h
    4.34915365513580    -0.10615347537147   -10.13728651165461  h
   -4.34915365513580     0.10615347537147   -10.13728651165461  h
    3.95644211009991    -0.09639870911185   -14.75807128978985  h
   -3.95644211009991     0.09639870911185   -14.75807128978985  h
   -4.34695968310415    -0.17051376775231   -18.47268892706717  h
    4.34695968310415     0.17051376775231   -18.47268892706717  h
   -3.95506072030220    -0.15413173197072   -23.09403117440942  h
    3.95506072030220     0.15413173197072   -23.09403117440942  h
    4.30061981905567    -0.66201074599651   -26.77931270331513  h
   -4.30061981905567     0.66201074599651   -26.77931270331513  h
    3.90750576235505    -0.59865578791441   -31.44215333637244  h
   -3.90750576235505     0.59865578791441   -31.44215333637244  h
    0.00000000000000     0.00000000000000   -34.20190936999104  h
    0.00000000000000     0.00000000000000   -31.93787385250703  b
   -2.31120119184932     0.34804030915620   -27.82358291914763  b
    2.31120119184932    -0.34804030915620   -27.82358291914763  b
    0.00000000000000     0.00000000000000   -23.64699527433638  b
   -2.32603365220803    -0.08527011195903   -19.50330020246486  b
    2.32603365220803     0.08527011195903   -19.50330020246486  b
    0.00000000000000     0.00000000000000   -15.31505672691179  b
   -2.32670639470870     0.05416521993400   -11.16855541174396  b
    2.32670639470870    -0.05416521993400   -11.16855541174396  b
    0.00000000000000     0.00000000000000    -6.97984706356402  b
   -2.32715614952656    -0.02485745745427    -2.83249726136586  b
    2.32715614952656     0.02485745745427    -2.83249726136586  b
    0.00000000000000     0.00000000000000     1.35650399436352  b
   -2.32698040499689     0.01970984348853     5.50429410274891  b
    2.32698040499689    -0.01970984348853     5.50429410274891  b
    0.00000000000000     0.00000000000000     9.69394353453932  b
   -2.32582011315586    -0.05733051119414    13.84209458061468  b
    2.32582011315586     0.05733051119414    13.84209458061468  b
    0.00000000000000     0.00000000000000    18.03316508645144  b
   -2.32232600954989     0.10494971982955    22.18213060448686  b
    2.32232600954989    -0.10494971982955    22.18213060448686  b
    0.00000000000000     0.00000000000000    26.37949389832139  b
   -2.33071072436854    -0.36388755244428    30.51313373747936  b
    2.33071072436854     0.36388755244428    30.51313373747936  b
   -2.26188500915324     0.34216137117990   -30.51136495382593  n
    2.26188500915324    -0.34216137117990   -30.51136495382593  n
    0.00000000000000     0.00000000000000   -26.41940869354331  n
   -2.28000181351801    -0.08205568781963   -22.18369907717099  n
    2.28000181351801     0.08205568781963   -22.18369907717099  n
    0.00000000000000     0.00000000000000   -18.08144380950463  n
   -2.28074069643306     0.05288209589481   -13.84726109184168  n
    2.28074069643306    -0.05288209589481   -13.84726109184168  n
    0.00000000000000     0.00000000000000    -9.74453150291783  n
   -2.28119801015542    -0.02414692043110    -5.51067192842233  n
    2.28119801015542     0.02414692043110    -5.51067192842233  n
    0.00000000000000     0.00000000000000    -1.40786864017959  n
   -2.28117344371579     0.01937536196432     2.82601550075554  n
    2.28117344371579    -0.01937536196432     2.82601550075554  n
    0.00000000000000     0.00000000000000     6.92887737050817  n
   -2.28045534778812    -0.05607762277296    11.16298827857836  n
    2.28045534778812     0.05607762277296    11.16298827857836  n
    0.00000000000000     0.00000000000000    15.26580668463011  n
   -2.27849759152214     0.10309589850048    19.50057521739195  n
    2.27849759152214    -0.10309589850048    19.50057521739195  n
    0.00000000000000     0.00000000000000    23.60340685152658  n
   -2.26989366847293    -0.35452395949264    27.82374732532055  n
    2.26989366847293     0.35452395949264    27.82374732532055  n
    0.00000000000000     0.00000000000000    31.82304086504134  n
$end
