$coord
    0.55713094603360     4.60262262034346     0.82668526002116  h
   -3.48732326863338    -2.85793108528840    -0.80754611382252  h
   -7.97000497179404     4.47650040900428     0.07023923035714  h
   -3.76428530903273     6.48807229557938     0.77985595690619  h
   -0.23726834313411    -4.29776444288010     0.80869884675905  h
    3.49718196982990     2.50312933605531    -0.75142124789642  h
    3.76804775374852    -6.89887040936203     0.86732382034913  h
    7.62084027559319    -4.20938195199244     0.01303911026566  h
    6.33312798137472     4.09380630215944    -3.00478170249773  h
   10.76401985034107    -2.11273081579698     1.05817482066362  h
   10.54067689902546     6.12920763517656    -3.63051348633770  h
   14.84210741058896     4.72794547753157    -2.29843798159797  h
   -6.02606071407070     3.30869879635061     0.04257175015431  b
   -3.55357328713968    -0.62085251098404    -0.42778486192439  b
   -1.31589377992743     3.38021926102081     0.44852082669904  b
    1.21287913965035    -0.66161957268854     0.01293328560263  b
    5.96097287713155    -0.60311176211824    -0.43691223911035  b
    3.70339644354436    -4.66431083998291     0.48269274422569  b
    8.26610804811815     3.18540550502124    -2.24216571703409  b
   10.71049146811135    -0.13954115655606    -0.06299024093989  b
   12.96578133308675     3.53061689416762    -1.86214179320452  b
   -5.96206891828432     0.63466640896114    -0.42976151545162  n
   -1.21964246945336     0.70066131444050     0.01142528415452  n
   -3.70802060337335     4.60787227951998     0.46023901840300  n
    1.36719795450748    -3.32599168012467     0.46517687276882  n
    3.55169300964485     0.62323545562824    -0.42827997016926  n
    5.96198954978705    -3.26900320935924     0.02936256453736  n
    8.31499904243599     0.81563603136561    -0.91479752007288  n
   10.58604733357158     4.47171562245462    -2.68639875515446  n
   13.04602099409981     1.17914185913255    -0.50283911444920  n
   17.83125729857689     2.13797944655922    -2.10877939846865  h
   13.96636675007704    -2.19178561852938     3.28037936063450  h
   22.14804183490973     0.60340655939381    -0.79196154246587  h
   17.91978151892397    -4.15037903317727     5.08674210779388  h
   21.85054414070503    -2.54311594087000     2.83201349147774  h
   15.46604584433587     0.14960961735250     0.41798663196389  b
   20.20908078497922    -0.06434895402409     0.17733945851746  b
   17.90395884207551    -2.66148649564255     3.37579730188724  b
   17.83560555839157     0.89009502016090    -0.66593003798071  n
   20.19169530462501    -1.84334468743459     2.20444489384383  n
   15.59106067616553    -1.63987031660205     2.44691187354907  n
  -10.76158210363923     1.78739367631204     0.87547798858048  h
   -6.66421555745943    -3.84923416755044    -2.87666960954844  h
  -10.51509756619127    -6.50766308632200    -3.83656733333149  h
  -14.50207576075245    -4.49625182646757    -2.15173287330031  h
   -8.31386898621297    -0.78996032249901    -0.90516936546367  b
  -13.05131600670335    -1.16717233385390    -0.48424987855307  b
  -10.57358270004806    -4.53673164980100    -2.71414749358069  b
  -10.71335629291755     0.12965977864604    -0.06803014051648  n
   -8.31636531442470    -3.14915677848270    -2.23146608771175  n
  -12.90000374611181    -3.51466382621651    -1.82685871671610  n
  -17.91128342053778    -2.67660808409847    -2.15936169766878  h
  -13.66053914311132     2.64878186690110     3.24264908881360  h
  -21.78818695801717    -0.72526743832009    -0.39693697265242  h
  -17.92235910535909     4.11898879250729     4.51163041767654  h
  -22.26321308335189     2.70961215087959     2.95466994510283  h
  -15.55672813191821     1.80639298277739     2.32343905823778  b
  -20.28802031441797     1.87914365915526     2.21827579935605  b
  -17.83994814902787    -1.06647071835438    -0.56185526134725  b
  -15.47769789562544    -0.14315998208631     0.42590080497731  n
  -17.92684531518093     2.76231472279248     3.17054091931838  n
  -20.16378216002587    -0.04879083883320     0.33984645667621  n
$end
