$coord
   -5.90324363372494     4.08324084339201     0.00000000000000  h
   -4.17773470856940    -5.01261949024892     0.00000000000000  h
    4.56370937996804    -7.45731849450508     0.00000000000000  h
   -0.19570192727854    -7.56922429620244     0.00000000000000  h
    5.01648020072323     0.43285877657124     0.00000000000000  h
    7.50101652143016    -3.64332393974218     0.00000000000000  h
   -6.03760694069724    -0.66754197436573     0.00000000000000  h
   -3.74670896633985     8.35131201966279     0.00000000000000  h
    1.04177766707302     7.83571536414063     0.00000000000000  h
    3.64037407726034     3.93718769060762     0.00000000000000  h
   -2.66325338956986     6.35991106975083     0.00000000000000  b
   -2.74434342733938     1.61905309360400     0.00000000000000  b
    1.36981900464349     3.88320388438167     0.00000000000000  b
   -2.93854680180043    -3.11589759867465     0.00000000000000  b
    1.26565352115601    -0.91679685031361     0.00000000000000  b
    1.02372322367039    -5.65893606077350     0.00000000000000  b
    5.23591141895914    -3.52399529382402     0.00000000000000  b
   -3.99553487445726     4.02965198992627     0.00000000000000  n
    0.03439679493558     6.21651676162496     0.00000000000000  n
    0.00000000000000     1.53532688788947     0.00000000000000  n
   -4.12953535401347    -0.71475111243191     0.00000000000000  n
   -0.21752448457533    -3.23129372452573     0.00000000000000  n
    3.96335094881458    -1.15779929227163     0.00000000000000  n
    3.70953616372597    -5.75236412041614     0.00000000000000  n
$end
