$coord
    0.00000000000000     2.38592852175442     5.15523523121109  n
    0.00000000000000     0.00000000000000     3.86383419159572  b
    0.00000000000000    -2.38592852175442     5.15523523121109  n
    0.00000000000000     0.00000000000000     1.12878254761522  n
    0.00000000000000    -2.36571601111652    -0.23011006057087  b
    0.00000000000000    -4.74166110975015     1.13604854456761  n
    0.00000000000000    -4.73779284037134     3.86389844228399  b
    0.00000000000000     4.73779284037134     3.86389844228399  b
    0.00000000000000     4.74166110975015     1.13604854456761  n
    0.00000000000000     2.36571601111652    -0.23011006057087  b
    0.00000000000000     2.35692311545477    -2.97257698986767  n
    0.00000000000000     0.00000000000000    -4.32608198887009  b
    0.00000000000000    -2.35692311545477    -2.97257698986767  n
    0.00000000000000     7.09145995771194    -0.23639717939027  b
    0.00000000000000     7.01120328916374    -2.92854637114451  n
    0.00000000000000     4.71727608382724    -4.33582163732070  b
    0.00000000000000    -4.71727608382724    -4.33582163732070  b
    0.00000000000000    -7.01120328916374    -2.92854637114451  n
    0.00000000000000    -7.09145995771194    -0.23639717939027  b
    0.00000000000000     0.00000000000000    -6.58810116857824  h
    0.00000000000000     9.07228600022584     0.86071922754065  h
    0.00000000000000     8.66227212278525    -3.88524289887104  h
    0.00000000000000     4.74627582094852    -6.59883103351859  h
    0.00000000000000    -4.74627582094852    -6.59883103351859  h
    0.00000000000000    -8.66227212278525    -3.88524289887104  h
    0.00000000000000    -9.07228600022584     0.86071922754065  h
    0.00000000000000     6.68433169206493     5.01949431389333  h
    0.00000000000000     2.41998138653517     7.06381704394874  h
    0.00000000000000    -2.41998138653517     7.06381704394874  h
    0.00000000000000    -6.68433169206493     5.01949431389333  h
$end
