$coord
    8.74016663367662    -1.66498288708325     0.00000000000000  h
    2.40169072736686     5.00804635302531     0.00000000000000  h
   -2.36519255697977    -4.56523060949903     0.00000000000000  h
   -6.67162895304960    -2.61988606471673     0.00000000000000  h
    6.24834352902992     2.40125798008413     0.00000000000000  h
    9.24894893679039    -6.42083584003559     0.00000000000000  h
    4.94506934016830    -8.58730857711447     0.00000000000000  h
    0.65354288322834    -6.73218333701377     0.00000000000000  h
    7.25782010744049    -5.33853488592825     0.00000000000000  b
    4.74878159779087    -1.31977905684137     0.00000000000000  b
    2.52467599333778    -5.44751728130953     0.00000000000000  b
    2.31719918257152     2.73946037503120     0.00000000000000  b
    0.00000000000000    -1.36015116578565     0.00000000000000  b
   -4.75072801570010    -1.41843787839927     0.00000000000000  b
    7.10994903812342    -2.65766735914300     0.00000000000000  n
    4.91412885431618    -6.68030090623933     0.00000000000000  n
    2.39708546479912    -2.73052197045778     0.00000000000000  n
    4.62982333819330     1.38977829198058     0.00000000000000  n
   -0.04047226442893     1.38936822141136     0.00000000000000  n
   -2.37604714384440    -2.65762200571599     0.00000000000000  n
   -4.81423793132448     1.30252774704207     0.00000000000000  n
   -1.02272544827615     6.44018285610803     0.00000000000000  h
   -5.02863113970992     9.02184354075899     0.00000000000000  h
   -8.91899519638095     6.18597689771144     0.00000000000000  h
   -9.14884447474651     1.42868208372538     0.00000000000000  h
   -2.46167063458889     2.71791938692710     0.00000000000000  b
   -4.96915956881564     6.75429124295550     0.00000000000000  b
   -7.21038798169150     2.60049369521728     0.00000000000000  b
   -2.63566905731655     5.42284312728943     0.00000000000000  n
   -7.23661738031286     5.28812644153167     0.00000000000000  n
$end
