$coord
    0.00000000000000     7.86094887709386     0.03965590274273  b
   -3.90436503753454     6.89337508578920    -2.38220954073952  b
   -4.97023293325490     6.68033492130958    -4.37687782712240  h
   -3.95367933050449     6.83075712089603     2.30944563627876  b
   -6.82632004395345     3.99680477041356     4.70787847580534  b
   -7.56829833040096     3.18348365355164     6.68792028197717  h
   -6.80778183066271     3.93047349368387    -0.03965590274273  b
   -7.92201915629029     0.06540909038047     2.38220954073952  b
   -8.27045630793283    -0.96418173290947     4.37687782712240  h
   -7.89244872187912    -0.00860959222759    -2.30944563627876  b
   -6.80778183066271    -3.93047349368387     0.03965590274273  b
   -6.87449483206975    -3.91336391334397    -4.70787847580534  b
   -6.54112635655161    -4.96259843970805    -6.68792028197717  h
   -3.93876939137463    -6.83936482339749     2.30944563627876  b
   -4.01765600848187    -6.82796599540873    -2.38220954073952  b
   -3.30022148495180    -7.64451476449293    -4.37687782712240  h
   -0.04817478811630    -7.91016868375754     4.70787847580534  b
    1.02717197384936    -8.14608020353357     6.68792028197717  h
    0.00000000000000    -7.86094887709386    -0.03965590274273  b
    3.90436503753454    -6.89337508578920     2.38220954073952  b
    4.97023293325490    -6.68033492130958     4.37687782712240  h
    3.95367933050449    -6.83075712089603    -2.30944563627876  b
    6.80778183066271    -3.93047349368387     0.03965590274273  b
    6.82632004395345    -3.99680477041356    -4.70787847580534  b
    7.56829833040096    -3.18348365355164    -6.68792028197717  h
    7.89244872187912     0.00860959222759     2.30944563627876  b
    7.92201915629029    -0.06540909038047    -2.38220954073952  b
    8.27045630793283     0.96418173290947    -4.37687782712240  h
    6.87449483206975     3.91336391334397     4.70787847580534  b
    6.54112635655161     4.96259843970805     6.68792028197717  h
    6.80778183066271     3.93047349368387    -0.03965590274273  b
    4.01765600848187     6.82796599540873     2.38220954073952  b
    3.30022148495180     7.64451476449293     4.37687782712240  h
    3.93876939137463     6.83936482339749    -2.30944563627876  b
    0.04817478811630     7.91016868375754    -4.70787847580534  b
   -1.02717197384936     8.14608020353357    -6.68792028197717  h
   -1.51646931088352     8.00253093786542     2.28291955065571  n
   -0.60246547578334     8.17533316395566     3.95236408112117  h
   -1.35113717216722     7.79018808232610    -2.36167577666029  n
   -5.09937114749031     6.07491580359216    -0.07431725933588  n
   -5.23041231593406     6.14715625391616     4.61952244108343  n
   -4.63875040440997     6.88400015448080     6.27849977853998  h
   -7.42206943308691     2.72497562427956     2.36167577666029  n
   -7.68863042089174     2.68796533811247    -2.28291955065571  n
   -7.38127969466890     3.56591508846505    -3.95236408112117  h
   -7.81071617722694    -1.37872717359890     0.07431725933588  n
   -7.93879992428435    -1.45609067144902    -4.61952244108343  n
   -8.28109546601915    -0.57527609629025    -6.27849977853998  h
   -6.07093226091969    -5.06521434777266    -2.36167577666029  n
   -6.17216111000822    -5.31456559975295     2.28291955065571  n
   -6.77881232915944    -4.60941807549061     3.95236408112117  h
   -2.71134502973663    -7.45364297719106    -0.07431725933588  n
   -2.70838760835029    -7.60324881509131     4.61952244108343  n
   -3.64234317188306    -7.45927625077105     6.27849977853998  h
    1.35113717216722    -7.79018808232610     2.36167577666029  n
    5.09937114749031    -6.07491580359216     0.07431725933588  n
    1.51646931088352    -8.00253093786542    -2.28291955065571  n
    0.60246547578334    -8.17533316395566    -3.95236408112117  h
    5.23041231593406    -6.14715625391616    -4.61952244108343  n
    4.63875040440997    -6.88400015448080    -6.27849977853998  h
    7.42206943308691    -2.72497562427956    -2.36167577666029  n
    7.68863042089174    -2.68796533811247     2.28291955065571  n
    7.38127969466890    -3.56591508846505     3.95236408112117  h
    7.93879992428435     1.45609067144902     4.61952244108343  n
    8.28109546601915     0.57527609629025     6.27849977853998  h
    7.81071617722694     1.37872717359890    -0.07431725933588  n
    6.07093226091969     5.06521434777266     2.36167577666029  n
    6.17216111000822     5.31456559975295    -2.28291955065571  n
    6.77881232915944     4.60941807549061    -3.95236408112117  h
    2.71134502973663     7.45364297719106     0.07431725933588  n
    2.70838760835029     7.60324881509131    -4.61952244108343  n
    3.64234317188306     7.45927625077105    -6.27849977853998  h
$end
