$coord
    0.00000000000000     2.59441066681943     0.00000000000000  o
    2.24682578165947    -1.29720438854665     0.00000000000000  o
   -2.24682578165947    -1.29720438854665     0.00000000000000  o
    2.24753442895652     1.29761445911588     0.00000000000000  b
    4.19845177608279     2.42397626756439     0.00000000000000  h
   -2.24753442895652     1.29761445911588     0.00000000000000  b
   -4.19845177608279     2.42397626756439     0.00000000000000  h
    0.00000000000000    -2.59522891823175     0.00000000000000  b
    0.00000000000000    -4.84795442485490     0.00000000000000  h
$end
