$coord
   -1.22033977839365    -1.22033977839365     7.73212057794303  b
    1.22033977839365     1.22033977839365     7.73212057794303  b
   -2.70778856516852     2.70778856516852     6.05122808660954  b
   -2.70778856516852     6.05122808660954     2.70778856516852  b
    1.22033977839365     7.73212057794303     1.22033977839365  b
    1.34584782874206     4.69381324425356     4.69381324425356  b
    4.69381324425356     1.34584782874206     4.69381324425356  b
    2.70778856516852    -2.70778856516852     6.05122808660954  b
    6.05122808660954    -2.70778856516852     2.70778856516852  b
    7.73212057794303     1.22033977839365     1.22033977839365  b
    4.69381324425356     4.69381324425356     1.34584782874206  b
    2.70778856516852    -6.05122808660954     2.70778856516852  b
   -1.22033977839365    -7.73212057794303     1.22033977839365  b
   -1.34584782874206    -4.69381324425356     4.69381324425356  b
   -4.69381324425356    -4.69381324425356     1.34584782874206  b
   -4.69381324425356    -1.34584782874206     4.69381324425356  b
   -7.73212057794303    -1.22033977839365     1.22033977839365  b
   -6.05122808660954     2.70778856516852     2.70778856516852  b
   -7.73212057794303     1.22033977839365    -1.22033977839365  b
   -4.69381324425356     4.69381324425356    -1.34584782874206  b
   -1.22033977839365     7.73212057794303    -1.22033977839365  b
    2.70778856516852     6.05122808660954    -2.70778856516852  b
   -1.34584782874206     4.69381324425356    -4.69381324425356  b
   -4.69381324425356     1.34584782874206    -4.69381324425356  b
   -6.05122808660954    -2.70778856516852    -2.70778856516852  b
   -2.70778856516852    -2.70778856516852    -6.05122808660954  b
   -2.70778856516852    -6.05122808660954    -2.70778856516852  b
    1.22033977839365    -7.73212057794303    -1.22033977839365  b
    1.34584782874206    -4.69381324425356    -4.69381324425356  b
    1.22033977839365    -1.22033977839365    -7.73212057794303  b
   -1.22033977839365     1.22033977839365    -7.73212057794303  b
    2.70778856516852     2.70778856516852    -6.05122808660954  b
    6.05122808660954     2.70778856516852    -2.70778856516852  b
    4.69381324425356    -1.34584782874206    -4.69381324425356  b
    4.69381324425356    -4.69381324425356    -1.34584782874206  b
    7.73212057794303    -1.22033977839365    -1.22033977839365  b
   -2.70437194033369     6.04535481781162    -2.70437194033369  n
    1.43495030528352     4.83489452760186    -4.83489452760186  n
   -2.70437194033369     2.70437194033369    -6.04535481781162  n
   -6.04535481781162     2.70437194033369    -2.70437194033369  n
   -4.83489452760186     4.83489452760186     1.43495030528352  n
   -1.49282694732792     8.14500872882043     1.49282694732792  n
   -1.43495030528352     4.83489452760186     4.83489452760186  n
   -8.14500872882043     1.49282694732792     1.49282694732792  n
   -2.70437194033369    -6.04535481781162     2.70437194033369  n
   -6.04535481781162    -2.70437194033369     2.70437194033369  n
   -8.14500872882043    -1.49282694732792    -1.49282694732792  n
   -4.83489452760186    -1.43495030528352    -4.83489452760186  n
    1.49282694732792    -8.14500872882043     1.49282694732792  n
   -1.49282694732792    -1.49282694732792    -8.14500872882043  n
    1.49282694732792     1.49282694732792    -8.14500872882043  n
    2.70437194033369    -2.70437194033369    -6.04535481781162  n
    2.70437194033369    -6.04535481781162    -2.70437194033369  n
   -1.43495030528352    -4.83489452760186    -4.83489452760186  n
   -1.49282694732792    -8.14500872882043    -1.49282694732792  n
   -4.83489452760186    -4.83489452760186    -1.43495030528352  n
    4.83489452760186    -4.83489452760186     1.43495030528352  n
    1.43495030528352    -4.83489452760186     4.83489452760186  n
   -4.83489452760186     1.43495030528352     4.83489452760186  n
   -1.49282694732792     1.49282694732792     8.14500872882043  n
   -2.70437194033369    -2.70437194033369     6.04535481781162  n
    1.49282694732792    -1.49282694732792     8.14500872882043  n
    2.70437194033369     2.70437194033369     6.04535481781162  n
    4.83489452760186    -1.43495030528352     4.83489452760186  n
    6.04535481781162     2.70437194033369     2.70437194033369  n
    8.14500872882043    -1.49282694732792     1.49282694732792  n
    8.14500872882043     1.49282694732792    -1.49282694732792  n
    6.04535481781162    -2.70437194033369    -2.70437194033369  n
    4.83489452760186     4.83489452760186    -1.43495030528352  n
    4.83489452760186     1.43495030528352    -4.83489452760186  n
    1.49282694732792     8.14500872882043    -1.49282694732792  n
    2.70437194033369     6.04535481781162     2.70437194033369  n
$end
