$coord
    0.00000000000000     3.08029326874489     0.00000000000000  n
   -3.28771716717965     1.89816375260800     0.00000000000000  ge
   -2.66761298774129    -1.54014757923551     0.00000000000000  n
    0.00000000000000    -3.79632939494212     0.00000000000000  ge
    2.66761298774129    -1.54014757923551     0.00000000000000  n
    3.28771716717965     1.89816375260800     0.00000000000000  ge
    0.00000000000000     5.00348644388458     0.00000000000000  h
   -4.33314578512705    -2.50174227707923     0.00000000000000  h
    4.33314578512705    -2.50174227707923     0.00000000000000  h
$end
