$coord
   -3.24307049773958     1.29466648636016     5.06967410142874  b
    1.29466648636016     3.24307049773958     5.06967410142874  b
    3.24307049773958    -1.29466648636016     5.06967410142874  b
   -1.29466648636016    -3.24307049773958     5.06967410142874  b
   -1.29466648636016     5.06967410142874     3.24307049773958  b
    3.24307049773958     5.06967410142874     1.29466648636016  b
    5.06967410142874     1.29466648636016     3.24307049773958  b
    5.06967410142874    -3.24307049773958     1.29466648636016  b
    1.29466648636016    -5.06967410142874     3.24307049773958  b
   -3.24307049773958    -5.06967410142874     1.29466648636016  b
   -5.06967410142874    -1.29466648636016     3.24307049773958  b
   -5.06967410142874     3.24307049773958     1.29466648636016  b
    5.06967410142874     3.24307049773958    -1.29466648636016  b
    5.06967410142874    -1.29466648636016    -3.24307049773958  b
    3.24307049773958    -5.06967410142874    -1.29466648636016  b
   -1.29466648636016    -5.06967410142874    -3.24307049773958  b
    1.29466648636016    -3.24307049773958    -5.06967410142874  b
    3.24307049773958     1.29466648636016    -5.06967410142874  b
    1.29466648636016     5.06967410142874    -3.24307049773958  b
   -1.29466648636016     3.24307049773958    -5.06967410142874  b
   -3.24307049773958    -1.29466648636016    -5.06967410142874  b
   -5.06967410142874     1.29466648636016    -3.24307049773958  b
   -5.06967410142874    -3.24307049773958    -1.29466648636016  b
   -3.24307049773958     5.06967410142874    -1.29466648636016  b
   -5.39196122294720     3.26151044527180    -1.45362835830755  n
   -3.26151044527180     5.39196122294720     1.45362835830755  n
   -1.45362835830755     5.39196122294720    -3.26151044527180  n
    1.45362835830755    -5.39196122294720    -3.26151044527180  n
    3.26151044527180     5.39196122294720    -1.45362835830755  n
    1.45362835830755     5.39196122294720     3.26151044527180  n
    3.26151044527180    -5.39196122294720     1.45362835830755  n
    3.26151044527180     1.45362835830755     5.39196122294720  n
    5.39196122294720    -1.45362835830755     3.26151044527180  n
    5.39196122294720     3.26151044527180     1.45362835830755  n
    5.39196122294720     1.45362835830755    -3.26151044527180  n
    3.26151044527180    -1.45362835830755    -5.39196122294720  n
    1.45362835830755     3.26151044527180    -5.39196122294720  n
   -3.26151044527180     1.45362835830755    -5.39196122294720  n
   -5.39196122294720    -1.45362835830755    -3.26151044527180  n
   -5.39196122294720    -3.26151044527180     1.45362835830755  n
   -5.39196122294720     1.45362835830755     3.26151044527180  n
   -3.26151044527180    -5.39196122294720    -1.45362835830755  n
   -3.26151044527180    -1.45362835830755     5.39196122294720  n
   -1.45362835830755     3.26151044527180     5.39196122294720  n
   -1.45362835830755    -5.39196122294720     3.26151044527180  n
    1.45362835830755    -3.26151044527180     5.39196122294720  n
    5.39196122294720    -3.26151044527180    -1.45362835830755  n
   -1.45362835830755    -3.26151044527180    -5.39196122294720  n
$end
