$coord
    4.32112523724301    -0.47473699723752    14.88106411466527  h
   -4.32112523724301     0.47473699723752    14.88106411466527  h
    3.93365957193139    -0.42855587018358    10.25353868344052  h
   -3.93365957193139     0.42855587018358    10.25353868344052  h
   -3.93653006591596    -0.42108011363127    18.55032265575323  h
    3.93653006591596     0.42108011363127    18.55032265575323  h
   -4.30653277210223    -0.45553171062449    23.30138137352528  h
    4.30653277210223     0.45553171062449    23.30138137352528  h
    0.00000000000000     0.00000000000000    25.39240112586687  h
   -4.34927459760783     0.05006829369401     6.53893238451995  h
    4.34927459760783    -0.05006829369401     6.53893238451995  h
   -3.95695800533216     0.04802927920464     1.91643929396730  h
    3.95695800533216    -0.04802927920464     1.91643929396730  h
    4.34998324490488     0.05773302285886    -1.80046113246958  h
   -4.34998324490488    -0.05773302285886    -1.80046113246958  h
    3.95730382521312     0.05154039034574    -6.42071111811131  h
   -3.95730382521312    -0.05154039034574    -6.42071111811131  h
   -4.33058520622706    -0.41070929665475   -10.13521159236886  h
    4.33058520622706     0.41070929665475   -10.13521159236886  h
   -3.94054195448031    -0.37252927001600   -14.75685619589118  h
    3.94054195448031     0.37252927001600   -14.75685619589118  h
   -4.33181730766085     0.41139337751217   -18.44301077826685  h
    4.33181730766085    -0.41139337751217   -18.44301077826685  h
   -3.93571181450364     0.37054694731040   -23.10540921541080  h
    3.93571181450364    -0.37054694731040   -23.10540921541080  h
    0.00000000000000     0.00000000000000   -25.86540902369959  h
    0.00000000000000     0.00000000000000   -23.60129602744444  b
    2.32731488652109    -0.21336141792094   -19.48685202626887  b
   -2.32731488652109     0.21336141792094   -19.48685202626887  b
    0.00000000000000     0.00000000000000   -15.30977494239113  b
    2.31764326821100     0.21303071584899   -11.16600050202234  b
   -2.31764326821100    -0.21303071584899   -11.16600050202234  b
    0.00000000000000     0.00000000000000    -6.97745844974144  b
    2.32664025429431     0.03094804475662    -2.83085508936284  b
   -2.32664025429431    -0.03094804475662    -2.83085508936284  b
    0.00000000000000     0.00000000000000     1.35926110478056  b
    2.32626419879534    -0.03066647556393     5.50698129329931  b
   -2.32626419879534     0.03066647556393     5.50698129329931  b
    0.00000000000000     0.00000000000000     9.69786660597577  b
    2.31208747340215    -0.24361782291565    13.84632945686183  b
   -2.31208747340215     0.24361782291565    13.84632945686183  b
    0.00000000000000     0.00000000000000    18.04317118628574  b
    2.34620836832342     0.24570408055815    22.17646709528887  b
   -2.34620836832342    -0.24570408055815    22.17646709528887  b
    2.27787965107912    -0.21013943487704   -22.17480035684621  n
   -2.27787965107912     0.21013943487704   -22.17480035684621  n
    0.00000000000000     0.00000000000000   -18.08268724929518  n
    2.27197614666319     0.20748814912302   -13.84678488085807  n
   -2.27197614666319    -0.20748814912302   -13.84678488085807  n
    0.00000000000000     0.00000000000000    -9.74460142278447  n
    2.28099769918612     0.03117859134393    -5.51028264484049  n
   -2.28099769918612    -0.03117859134393    -5.51028264484049  n
    0.00000000000000     0.00000000000000    -1.40727337645007  n
    2.28093155877173    -0.02947027892651     2.82728539671185  n
   -2.28093155877173     0.02947027892651     2.82728539671185  n
    0.00000000000000     0.00000000000000     6.92992994796005  n
    2.26841023346445    -0.23907870076230    11.16443958824271  n
   -2.26841023346445     0.23907870076230    11.16443958824271  n
    0.00000000000000     0.00000000000000    15.26686115180811  n
    2.28499258021534     0.23939050557300    19.48693328449227  n
   -2.28499258021534    -0.23939050557300    19.48693328449227  n
    0.00000000000000     0.00000000000000    23.48610966119328  n
$end
