$coord
    0.00000000000000     4.72223472518044    -2.77262884798523  b
    0.00000000000000     4.74465065648062    -5.03716892234474  h
    0.00000000000000     0.00000000000000    -2.75689120881242  b
    0.00000000000000     0.00000000000000    -5.01998753241208  h
    0.00000000000000    -4.72223472518044    -2.77262884798523  b
    0.00000000000000    -4.74465065648062    -5.03716892234474  h
    0.00000000000000     7.11134932518238     1.31867923623635  b
    0.00000000000000     9.08221273156287     2.44032806772797  h
    0.00000000000000     2.37186140047651     1.34018054009181  b
    0.00000000000000    -2.37186140047651     1.34018054009181  b
    0.00000000000000    -7.11134932518238     1.31867923623635  b
    0.00000000000000    -9.08221273156287     2.44032806772797  h
    0.00000000000000     4.76265974645623     2.62795897472468  n
    0.00000000000000     4.80271816086369     4.53617418059399  h
    0.00000000000000     0.00000000000000     2.64212436176111  n
    0.00000000000000     0.00000000000000     4.55236913348916  h
    0.00000000000000    -4.76265974645623     2.62795897472468  n
    0.00000000000000    -4.80271816086369     4.53617418059399  h
    0.00000000000000     7.02635511323767    -1.38153530662133  n
    0.00000000000000     8.66930001424583    -2.35038844251293  h
    0.00000000000000     2.36155672391439    -1.40949380464748  n
    0.00000000000000    -2.36155672391439    -1.40949380464748  n
    0.00000000000000    -7.02635511323767    -1.38153530662133  n
    0.00000000000000    -8.66930001424583    -2.35038844251293  h
$end
