$coord
    0.91051351094647     4.27416365329926     0.00000000000000  as
   -0.63427334592704     2.06760415592105     3.56697522482143  al
   -0.63427334592704    -2.44941765039143    -3.72782304344202  as
   -0.63427334592704     2.06760415592105    -3.56697522482143  al
   -0.63427334592704    -2.44941765039143     3.72782304344202  as
    1.84507567656551    -2.93489207147379     0.00000000000000  al
   -1.40752093057250     3.65400845125551     6.00381863757406  h
   -0.60615800063248     6.73021046293879     0.00000000000000  h
   -1.40752093057250     3.65400845125551    -6.00381863757406  h
    1.53120917466209    -2.53811950499429    -5.65574620307373  h
    4.67899212225159    -3.95187464205468     0.00000000000000  h
    1.53120917466209    -2.53811950499429     5.65574620307373  h
$end
