$coord
    0.00000000000000    -4.01105519512564     2.12201315052523  n
    4.01105519512564    -2.12201315052523     0.00000000000000  n
    0.00000000000000    -4.01105519512564    -2.12201315052523  n
    4.01105519512564     2.12201315052523     0.00000000000000  n
    2.12201315052523     0.00000000000000    -4.01105519512564  n
    0.00000000000000     4.01105519512564    -2.12201315052523  n
    0.00000000000000     4.01105519512564     2.12201315052523  n
    2.12201315052523     0.00000000000000     4.01105519512564  n
   -4.01105519512564    -2.12201315052523     0.00000000000000  n
   -4.01105519512564     2.12201315052523     0.00000000000000  n
   -2.12201315052523     0.00000000000000     4.01105519512564  n
   -2.12201315052523     0.00000000000000    -4.01105519512564  n
    0.00000000000000    -1.79893045430796     3.69623060207662  b
    3.69623060207662     0.00000000000000     1.79893045430796  b
    0.00000000000000     1.79893045430796     3.69623060207662  b
   -3.69623060207662     0.00000000000000     1.79893045430796  b
    1.79893045430796     3.69623060207662     0.00000000000000  b
   -1.79893045430796     3.69623060207662     0.00000000000000  b
    0.00000000000000     1.79893045430796    -3.69623060207662  b
   -3.69623060207662     0.00000000000000    -1.79893045430796  b
    3.69623060207662     0.00000000000000    -1.79893045430796  b
    0.00000000000000    -1.79893045430796    -3.69623060207662  b
   -1.79893045430796    -3.69623060207662     0.00000000000000  b
    1.79893045430796    -3.69623060207662     0.00000000000000  b
$end
