$coord
    4.34195001914556     0.21587475366780    27.38475260801994  h
    3.95204093795372     0.19252340793552    22.75775818983645  h
   -3.95204093795372    -0.19252340793552    22.75775818983645  h
   -4.34195001914556    -0.21587475366780    27.38475260801994  h
    4.34814454138481    -0.12228795703063    19.04235442649093  h
   -4.34814454138481     0.12228795703063    19.04235442649093  h
    3.95529504634176    -0.10901830017766    14.41958921537622  h
   -3.95529504634176     0.10901830017766    14.41958921537622  h
   -3.90887959324826     0.62728324898897    31.05511852861742  h
    3.90887959324826    -0.62728324898897    31.05511852861742  h
   -4.27657494383535     0.68144846892297    35.80620181282909  h
    4.27657494383535    -0.68144846892297    35.80620181282909  h
    0.00000000000000     0.00000000000000    37.89733305901209  h
   -4.35037441821285     0.03258454758127    10.70407773764155  h
    4.35037441821285    -0.03258454758127    10.70407773764155  h
   -3.95670100257910     0.03021294129382     6.08226683822019  h
    3.95670100257910    -0.03021294129382     6.08226683822019  h
    4.35044622780562    -0.03713311836525     2.36744511052132  h
   -4.35044622780562     0.03713311836525     2.36744511052132  h
    3.95676903271961    -0.03369948599529    -2.25434878136492  h
   -3.95676903271961     0.03369948599529    -2.25434878136492  h
   -4.35055772164702     0.02077753874941    -5.96900799261700  h
    4.35055772164702    -0.02077753874941    -5.96900799261700  h
   -3.95707894780419     0.01895206331222   -10.59041638037364  h
    3.95707894780419    -0.01895206331222   -10.59041638037364  h
    4.35049347095875    -0.01633857208071   -14.30576534166151  h
   -4.35049347095875     0.01633857208071   -14.30576534166151  h
    3.95758350467969    -0.01451120691739   -18.92598131223299  h
   -3.95758350467969     0.01451120691739   -18.92598131223299  h
   -4.35034229286872     0.04605262567741   -22.64248678590965  h
    4.35034229286872    -0.04605262567741   -22.64248678590965  h
   -3.95781405126699     0.04210120834907   -27.26264795442348  h
    3.95781405126699    -0.04210120834907   -27.26264795442348  h
    0.00000000000000     0.00000000000000   -27.81611661122595  b
    2.32733945296072    -0.02134067713480   -23.67223634619413  b
   -2.32733945296072     0.02134067713480   -23.67223634619413  b
    0.00000000000000     0.00000000000000   -19.48353177746644  b
    2.32726008446346    -0.00885147717164   -15.33682448215094  b
   -2.32726008446346     0.00885147717164   -15.33682448215094  b
    0.00000000000000     0.00000000000000   -11.14807455999624  b
    2.32739236529224    -0.01126087798160    -7.00072097834583  b
   -2.32739236529224     0.01126087798160    -7.00072097834583  b
    0.00000000000000     0.00000000000000    -2.81207688085416  b
    2.32727709199858    -0.01975708664166     1.33561307204658  b
   -2.32727709199858     0.01975708664166     1.33561307204658  b
    0.00000000000000     0.00000000000000     5.52451039283906  b
    2.32701064061489    -0.01834735095207     9.67247057657575  b
   -2.32701064061489     0.01834735095207     9.67247057657575  b
    0.00000000000000     0.00000000000000    13.86214457480579  b
    2.32573318575409    -0.06157294634579    18.01040522499642  b
   -2.32573318575409     0.06157294634579    18.01040522499642  b
    0.00000000000000     0.00000000000000    22.20140392124041  b
    2.32237136297690     0.10555065273745    26.35036943927584  b
   -2.32237136297690    -0.10555065273745    26.35036943927584  b
    0.00000000000000     0.00000000000000    30.54754565022395  b
    2.32995483391836    -0.36887264996324    34.68116470239453  b
   -2.32995483391836     0.36887264996324    34.68116470239453  b
    2.28125848139144    -0.01909190304550   -26.35251049897598  n
   -2.28125848139144     0.01909190304550   -26.35251049897598  n
    0.00000000000000     0.00000000000000   -22.24985460937102  n
    2.28124147385631    -0.00858124633570   -18.01535630744512  n
   -2.28124147385631     0.00858124633570   -18.01535630744512  n
    0.00000000000000     0.00000000000000   -13.91244908426548  n
    2.28132840125808    -0.01098119851504    -9.67862541456636  n
   -2.28132840125808     0.01098119851504    -9.67862541456636  n
    0.00000000000000     0.00000000000000    -5.57585236194162  n
    2.28126604029594    -0.01929410374092    -1.34217231142805  n
   -2.28126604029594     0.01929410374092    -1.34217231142805  n
    0.00000000000000     0.00000000000000     2.76061207955344  n
    2.28118856152479    -0.01792594202609     6.99440173418230  n
   -2.28118856152479     0.01792594202609     6.99440173418230  n
    0.00000000000000     0.00000000000000    11.09730517790969  n
    2.28035141285122    -0.06031060929399    15.33141419625375  n
   -2.28035141285122     0.06031060929399    15.33141419625375  n
    0.00000000000000     0.00000000000000    19.43420803586587  n
    2.27852026823565     0.10361179373273    23.66887830286919  n
   -2.27852026823565    -0.10361179373273    23.66887830286919  n
    0.00000000000000     0.00000000000000    27.77159088425791  n
    2.26916045473625    -0.35939000426570    31.99180852585372  n
   -2.26916045473625     0.35939000426570    31.99180852585372  n
    0.00000000000000     0.00000000000000    35.99106238132588  n
    4.28424345245245     0.76157663609463   -30.94894426625857  h
   -4.28424345245245    -0.76157663609463   -30.94894426625857  h
    3.89257125678556     0.68903760904281   -35.61130301915388  h
   -3.89257125678556    -0.68903760904281   -35.61130301915388  h
    0.00000000000000     0.00000000000000   -38.37115164935264  h
    2.30244798043619     0.40163672152643   -31.99284598549660  b
   -2.30244798043619    -0.40163672152643   -31.99284598549660  b
    0.00000000000000     0.00000000000000   -36.10714825721276  b
    0.00000000000000     0.00000000000000   -30.58843554412661  n
    2.25329242446079     0.39454646910371   -34.68055999003439  n
   -2.25329242446079    -0.39454646910371   -34.68055999003439  n
$end
