$coord
    2.12117222239940    -2.76261896869868     4.60091808737830  h
   -0.54865741408705    -7.17439247845378    -2.33235100664544  h
    1.86141991782460   -11.31641703243040     4.85973875697325  h
    2.66183420524964    -7.00362737712678     6.59096410365831  h
    0.62921265936307    -3.89871853587168    -4.12902134850735  h
    0.00000000000000     0.00000000000000     2.73015725331557  h
    0.00000000000000     0.00000000000000    -6.81426170154691  h
   -0.62921265936307     3.89871853587168    -4.12902134850735  h
   -2.12117222239940     2.76261896869868     4.60091808737830  h
    0.54865741408705     7.17439247845378    -2.33235100664544  h
   -2.66183420524964     7.00362737712678     6.59096410365831  h
   -1.86141991782460    11.31641703243040     4.85973875697325  h
    1.51420730871135    -9.42316467802247     3.66012738444975  b
    0.21864320244160    -7.13385218388433    -0.19631230881706  b
    1.64703993752203    -4.69952777605694     3.52059378679819  b
    0.36428817438288    -2.35662831817920    -0.45301081597313  b
   -0.36428817438288     2.35662831817920    -0.45301081597313  b
    0.00000000000000     0.00000000000000    -4.54606500713463  b
   -1.64703993752203     4.69952777605694     3.52059378679819  b
   -0.21864320244160     7.13385218388433    -0.19631230881706  b
   -1.51420730871135     9.42316467802247     3.66012738444975  b
    0.57793116149652    -9.48961689722420     1.11011772267408  n
    0.74355809748839    -4.73201594760581     0.95865428399251  n
    2.01508677716845    -7.03832085906406     4.79617403929123  n
    0.35249250390777    -2.28076148342044    -3.15838053170106  n
    0.00000000000000     0.00000000000000     0.82188535566249  n
   -0.35249250390777     2.28076148342044    -3.15838053170106  n
   -0.74355809748839     4.73201594760581     0.95865428399251  n
   -2.01508677716845     7.03832085906406     4.79617403929123  n
   -0.57793116149652     9.48961689722420     1.11011772267408  n
   -2.29897088436535    14.20857483730309     2.19192356853654  h
    2.51474359282238    10.49445608772289    -2.88395639348820  h
   -1.53842414900909    18.53027455128825     0.33047719454619  h
    3.70724581566191    14.46526200610241    -5.23678447242910  h
    1.51153334624383    18.31933009308176    -3.38107908640789  h
    0.00000000000000    11.91690963413876    -0.13104872734825  b
   -0.57479610585438    16.62593706342838    -0.43741112680747  b
    2.27772091408458    14.40928075936184    -3.47680505301908  b
   -1.09141321348429    14.24694761600664     0.71566951932889  n
    1.11847598132698    16.65575316223585    -2.53646977408677  n
    1.68463414906189    12.08844196427269    -2.24446173427652  n
    2.29897088436535   -14.20857483730309     2.19192356853654  h
   -2.51474359282238   -10.49445608772289    -2.88395639348820  h
    1.53842414900909   -18.53027455128825     0.33047719454619  h
   -3.70724581566191   -14.46526200610241    -5.23678447242910  h
   -1.51153334624383   -18.31933009308176    -3.38107908640789  h
    0.00000000000000   -11.91690963413876    -0.13104872734825  b
    0.57479610585438   -16.62593706342838    -0.43741112680747  b
   -2.27772091408458   -14.40928075936184    -3.47680505301908  b
    1.09141321348429   -14.24694761600664     0.71566951932889  n
   -1.68463414906189   -12.08844196427269    -2.24446173427652  n
   -1.11847598132698   -16.65575316223585    -2.53646977408677  n
$end
