$coord
    1.92059669144331    -8.14095526628133     4.33741467644446  h
   -1.92090093734951     8.14147683069195     4.33731830041206  h
   -7.85270022255624    -2.24038181557166     3.96111918226042  h
   -5.86691364896302     5.68098727493147     3.96103036513252  h
    5.86657727771268    -5.68044681325959     3.96111918226042  h
   -6.08997503108593    -5.73376354616326    -4.33741467644446  h
    6.08997503108593     5.73376354616326     4.33741467644446  h
   -8.01057172252924     2.40719172011807     4.33741467644446  h
    1.98612294484356     7.92082862883125     3.96111918226042  h
   -1.98612294484356    -7.92082862883125    -3.96111918226042  h
    8.01117643488939    -2.40718794066582     4.33731830041206  h
    7.85333517053440     2.24040260255904     3.96103036513252  h
    1.92090093734951    -8.14147683069195    -4.33731830041206  h
   -1.92059669144331     8.14095526628133    -4.33741467644446  h
   -7.85333517053440    -2.24040260255904    -3.96103036513252  h
   -5.86657727771268     5.68044681325959    -3.96111918226042  h
    5.86691364896302    -5.68098727493147    -3.96103036513252  h
   -6.09027549753988    -5.73428889002613     4.33731830041206  h
    6.09027549753988     5.73428889002613    -4.33731830041206  h
   -8.01117643488939     2.40718794066582    -4.33731830041206  h
    1.98642152157138     7.92138798776438    -3.96103036513252  h
   -1.98642152157138    -7.92138798776438     3.96103036513252  h
    8.01057172252924    -2.40719172011807    -4.33741467644446  h
    7.85270022255624     2.24038181557166    -3.96111918226042  h
   -7.87624621007945     1.34760527403874     2.33187101620957  b
   -7.87655612516402     1.34759015622973    -2.33179542716455  b
   -7.41434423268604    -2.73219059862656     0.00001889726125  b
   -5.10532567451163    -6.14750207379712     2.33179542716455  b
   -5.10518205532609    -6.14722617378280    -2.33187101620957  b
   -1.34102524766989    -7.78710593901547    -0.00001889726125  b
    2.77106226502723    -7.49483144782154     2.33187101620957  b
    2.77123045065239    -7.49509223002685    -2.33179542716455  b
    6.07331898501615    -5.05491534038892     0.00001889726125  b
    7.87655612516402    -1.34759015622973     2.33179542716455  b
    7.87624621007945    -1.34760527403874    -2.33187101620957  b
    7.41434423268604     2.73219059862656    -0.00001889726125  b
    5.10518205532609     6.14722617378280     2.33187101620957  b
    5.10532567451163     6.14750207379712    -2.33179542716455  b
    1.34102524766989     7.78710593901547     0.00001889726125  b
   -2.77123045065239     7.49509223002685     2.33179542716455  b
   -2.77106226502723     7.49483144782154    -2.33187101620957  b
   -6.07331898501615     5.05491534038892    -0.00001889726125  b
   -1.40356573379192     7.93306460549359    -0.00000566917838  n
   -5.10532567451163     6.18428937228141     2.28461085553800  n
   -5.10518205532609     6.18405504624185    -2.28470156239202  n
   -7.57201920114199     2.75100849138387     0.00000566917838  n
   -7.90813911789880    -1.32919178267228     2.28470156239202  n
   -7.90841312818699    -1.32919745185065    -2.28461085553800  n
   -6.16845157762394    -5.18205611410972    -0.00000566917838  n
   -2.80308745367536    -7.51348493440593     2.28461085553800  n
   -2.80295706257270    -7.51324493918800    -2.28470156239202  n
    1.40356573379192    -7.93306460549359     0.00000566917838  n
    5.10518205532609    -6.18405504624185     2.28470156239202  n
    5.10532567451163    -6.18428937228141    -2.28461085553800  n
    7.57201920114199    -2.75100849138387    -0.00000566917838  n
    7.90841312818699     1.32919745185065     2.28461085553800  n
    7.90813911789880     1.32919178267228    -2.28470156239202  n
    6.16845157762394     5.18205611410972     0.00000566917838  n
    2.80295706257270     7.51324493918800     2.28470156239202  n
    2.80308745367536     7.51348493440593    -2.28461085553800  n
$end
