$coord
    0.00000000000000     2.36551570014722     2.75837275409478  b
    0.00000000000000     0.00000000000000     1.40655528052239  n
    0.00000000000000    -2.36551570014722     2.75837275409478  b
    0.00000000000000     0.00000000000000    -1.34162429085166  b
    0.00000000000000    -2.38430524701265    -2.64009668562850  n
    0.00000000000000    -4.73876793905207    -1.34239151965860  b
    0.00000000000000    -4.66379305502453     1.35820474787643  n
    0.00000000000000     4.66379305502453     1.35820474787643  n
    0.00000000000000     4.73876793905207    -1.34239151965860  b
    0.00000000000000     2.38430524701265    -2.64009668562850  n
    0.00000000000000     6.70521694520349    -2.47236459473286  h
    0.00000000000000     6.31012812470177     2.32144917662767  h
    0.00000000000000     2.39740482851432     5.02395028809716  h
    0.00000000000000    -2.39740482851432     5.02395028809716  h
    0.00000000000000    -6.31012812470177     2.32144917662767  h
    0.00000000000000    -6.70521694520349    -2.47236459473286  h
    0.00000000000000    -2.41377174648691    -4.54858968123825  h
    0.00000000000000     2.41377174648691    -4.54858968123825  h
$end
