$coord
    0.00000000000000     3.30681473940352     0.00000000000000  n
    0.00000000000000     5.22477904235407     0.00000000000000  h
    2.86378545682507    -1.65340831456482     0.00000000000000  n
    4.52479236014036    -2.61238952117703     0.00000000000000  h
   -2.86378545682507    -1.65340831456482     0.00000000000000  n
   -4.52479236014036    -2.61238952117703     0.00000000000000  h
    5.61722602573240     3.24310640253596     0.00000000000000  h
   -5.61722602573240     3.24310640253596     0.00000000000000  h
    0.00000000000000    -6.48621280507193     0.00000000000000  h
   -3.01357837761173     1.73988974097028     0.00000000000000  al
    0.00000000000000    -3.47977948194055     0.00000000000000  al
    3.01357837761173     1.73988974097028     0.00000000000000  al
$end
