$coord
   -3.94922146657454   -10.52426273789974    -0.81654876908420  h
    3.94922146657454   -10.52426273789974    -0.81654876908420  h
   11.08888833774690     1.84200487161164    -0.81654876908420  h
    7.13966876089849     8.68225597656197    -0.81654876908420  h
   -7.13966876089849     8.68225597656197    -0.81654876908420  h
  -11.08888833774690     1.84200487161164    -0.81654876908420  h
    0.00000000000000    12.71999977375745     1.21118027586356  h
  -11.01584286409346    -6.35999988687873     1.21118027586356  h
   11.01584286409346    -6.35999988687873     1.21118027586356  h
   -7.17765225602020     1.38745770829852    -0.12281330089350  b
   -4.79040092597796     5.52229941327227    -0.12281330089350  b
   -9.46714238441412     5.46585707335710    -0.86958960197355  b
  -11.39658866330295     6.57982227842261    -1.29752942144023  h
    0.00000000000000     5.63472299992801    -0.10851752275442  b
    0.00000000000000     3.41291908189573    -0.56777010411993  h
   -2.36502815080686     9.58708141187081     0.61845633825696  b
   -4.27856104599320    10.78123525534399     0.85642199033136  h
    2.36502815080686     9.58708141187081     0.61845633825696  b
    4.27856104599320    10.78123525534399     0.85642199033136  h
    4.79040092597796     5.52229941327227    -0.12281330089350  b
    7.17765225602020     1.38745770829852    -0.12281330089350  b
    9.46714238441412     5.46585707335710    -0.86958960197355  b
   11.39658866330295     6.57982227842261    -1.29752942144023  h
    9.48517037165099    -2.74536576917325     0.61845633825696  b
   11.47610455920996    -1.68527476621842     0.85642199033136  h
    7.12014222084414    -6.84171564269756     0.61845633825696  b
    7.19754351321676    -9.09596048912557     0.85642199033136  h
    4.87981331760399    -2.81736055510094    -0.10851752275442  b
    2.95567338967545    -1.70645859608480    -0.56777010411993  h
    2.38725133004224    -6.90975712157079    -0.12281330089350  b
    0.00000000000000   -10.93171414671420    -0.86958960197355  b
    0.00000000000000   -13.15964644657134    -1.29752942144023  h
   -2.38725133004224    -6.90975712157079    -0.12281330089350  b
   -4.87981331760399    -2.81736055510094    -0.10851752275442  b
   -2.95567338967545    -1.70645859608480    -0.56777010411993  h
   -7.12014222084414    -6.84171564269756     0.61845633825696  b
   -7.19754351321676    -9.09596048912557     0.85642199033136  h
   -9.48517037165099    -2.74536576917325     0.61845633825696  b
  -11.47610455920996    -1.68527476621842     0.85642199033136  h
   -9.44319955440457     2.78442640818646    -0.61744722450597  n
   -7.13298479959275     6.78583644116777    -0.61744722450597  n
   -2.38518585938711     6.91455513620333     0.13110541913201  n
    0.00000000000000    10.84685221559826     0.84780483919927  n
    2.38518585938711     6.91455513620333     0.13110541913201  n
    7.13298479959275     6.78583644116777    -0.61744722450597  n
    9.44319955440457     2.78442640818646    -0.61744722450597  n
    7.18077408357945    -1.39164534139253     0.13110541913201  n
    9.39364904566895    -5.42342705266220     0.84780483919927  n
    4.79558633446621    -5.52290979481080     0.13110541913201  n
    2.31021475481183    -9.57026473908036    -0.61744722450597  n
   -2.31021475481183    -9.57026473908036    -0.61744722450597  n
   -4.79558633446621    -5.52290979481080     0.13110541913201  n
   -7.18077408357945    -1.39164534139253     0.13110541913201  n
   -9.39364904566895    -5.42342705266220     0.84780483919927  n
    4.90743355465368     2.83330795387368     0.12646614149401  n
    3.28807999459574     1.89837351220792     0.49735134978087  h
    0.00000000000000    -5.66661590774736     0.12646614149401  n
    0.00000000000000    -3.79674702441585     0.49735134978087  h
   -4.90743355465368     2.83330795387368     0.12646614149401  n
   -3.28807999459574     1.89837351220792     0.49735134978087  h
$end
