$coord
   12.42529131531393    -4.99562329347655     3.95835073348662  h
   13.50757148243388    -0.48899498085409     4.34461831243471  h
   13.50757148243388    -0.48899498085409    -4.34461831243471  h
   12.42529131531393    -4.99562329347655    -3.95835073348662  h
   12.98862623221741     3.26186004460501     3.95835073348662  h
   12.98862623221741     3.26186004460501    -3.95835073348662  h
   11.21527889019590     7.54394542982219     4.34461831243471  h
   11.21527889019590     7.54394542982219    -4.34461831243471  h
   10.64042987201000    -8.33515675101625    -4.34461831243471  h
   10.64042987201000    -8.33515675101625     4.34461831243471  h
    7.11591868295374   -11.34494811747257    -3.95835073348662  h
    7.11591868295374   -11.34494811747257     3.95835073348662  h
    8.59074598893667    10.27342238173259    -3.95835073348662  h
    8.59074598893667    10.27342238173259     3.95835073348662  h
    4.63913023936118    12.69535585535536    -4.34461831243471  h
    4.63913023936118    12.69535585535536     4.34461831243471  h
    0.91149427880558    13.36088716112360     3.95835073348662  h
    0.91149427880558    13.36088716112360    -3.95835073348662  h
   -3.70900704041084    12.99757030596920     4.34461831243471  h
   -3.70900704041084    12.99757030596920    -4.34461831243471  h
   -7.11591868295374    11.34494811747257    -3.95835073348662  h
   -7.11591868295374    11.34494811747257     3.95835073348662  h
  -10.64042987201000     8.33515675101625    -4.34461831243471  h
  -10.64042987201000     8.33515675101625     4.34461831243471  h
  -12.42529131531393     4.99562329347655     3.95835073348662  h
  -12.42529131531393     4.99562329347655    -3.95835073348662  h
  -13.50757148243388     0.48899498085409     4.34461831243471  h
  -13.50757148243388     0.48899498085409    -4.34461831243471  h
  -12.98862623221741    -3.26186004460501    -3.95835073348662  h
  -12.98862623221741    -3.26186004460501     3.95835073348662  h
  -11.21527889019590    -7.54394542982219    -4.34461831243471  h
  -11.21527889019590    -7.54394542982219     4.34461831243471  h
   -8.59074598893667   -10.27342238173259     3.95835073348662  h
   -8.59074598893667   -10.27342238173259    -3.95835073348662  h
   -4.63913023936118   -12.69535585535536     4.34461831243471  h
   -4.63913023936118   -12.69535585535536    -4.34461831243471  h
   -0.91149427880558   -13.36088716112360    -3.95835073348662  h
   -0.91149427880558   -13.36088716112360     3.95835073348662  h
    3.70900704041084   -12.99757030596920    -4.34461831243471  h
    3.70900704041084   -12.99757030596920     4.34461831243471  h
    1.46949638858302    13.15298516197910     0.00000000000000  b
   -2.66067391340861    13.01609151172481     2.32919138456367  b
   -2.66067391340861    13.01609151172481    -2.32919138456367  b
   -6.54228286894039    11.50473768946290     0.00000000000000  b
   -9.80319805048267     8.96633472554979     2.32919138456367  b
   -9.80319805048267     8.96633472554979    -2.32919138456367  b
  -12.05513365158537     5.46207006220168     0.00000000000000  b
  -13.20123175968817     1.49174224453191     2.32919138456367  b
  -13.20123175968817     1.49174224453191    -2.32919138456367  b
  -12.96333224802815    -2.66692134797937     0.00000000000000  b
  -11.55684499764628    -6.55264612701240     2.32919138456367  b
  -11.55684499764628    -6.55264612701240    -2.32919138456367  b
   -8.91997974369231    -9.77724077242338     0.00000000000000  b
   -5.49813548530605   -12.09414515771932     2.32919138456367  b
   -5.49813548530605   -12.09414515771932    -2.32919138456367  b
   -1.46949638858302   -13.15298516197910     0.00000000000000  b
    2.66067391340861   -13.01609151172481     2.32919138456367  b
    2.66067391340861   -13.01609151172481    -2.32919138456367  b
    6.54228286894039   -11.50473768946290     0.00000000000000  b
    9.80319805048267    -8.96633472554979     2.32919138456367  b
    9.80319805048267    -8.96633472554979    -2.32919138456367  b
   12.05513365158537    -5.46207006220168     0.00000000000000  b
   13.20123175968817    -1.49174224453191     2.32919138456367  b
   13.20123175968817    -1.49174224453191    -2.32919138456367  b
   12.96333224802815     2.66692134797937     0.00000000000000  b
   11.55684499764628     6.55264612701240     2.32919138456367  b
   11.55684499764628     6.55264612701240    -2.32919138456367  b
    8.91997974369231     9.77724077242338     0.00000000000000  b
    5.49813548530605    12.09414515771932     2.32919138456367  b
    5.49813548530605    12.09414515771932    -2.32919138456367  b
    7.82189201753290    10.76590957646653     2.28265687872427  n
    7.82189201753290    10.76590957646653    -2.28265687872427  n
    4.17805029283235    12.64316350949634     0.00000000000000  n
    0.00000000000000    13.30739657341639     2.28265687872427  n
    0.00000000000000    13.30739657341639    -2.28265687872427  n
   -4.05135171502491    12.68433119313944     0.00000000000000  n
   -7.82189201753290    10.76590957646653     2.28265687872427  n
   -7.82189201753290    10.76590957646653    -2.28265687872427  n
  -10.73327400627987     7.88051510139685     0.00000000000000  n
  -12.65608734646834     4.11221223462140     2.28265687872427  n
  -12.65608734646834     4.11221223462140    -2.28265687872427  n
  -13.31545247588921     0.06661095619626     0.00000000000000  n
  -12.65608734646834    -4.11221223462140     2.28265687872427  n
  -12.65608734646834    -4.11221223462140    -2.28265687872427  n
  -10.81157858774047    -7.77273835128362     0.00000000000000  n
   -7.82189201753290   -10.76590957646653     2.28265687872427  n
   -7.82189201753290   -10.76590957646653    -2.28265687872427  n
   -4.17805029283235   -12.64316350949634     0.00000000000000  n
    0.00000000000000   -13.30739657341639     2.28265687872427  n
    0.00000000000000   -13.30739657341639    -2.28265687872427  n
    4.05135171502491   -12.68433119313944     0.00000000000000  n
    7.82189201753290   -10.76590957646653     2.28265687872427  n
    7.82189201753290   -10.76590957646653    -2.28265687872427  n
   10.73327400627987    -7.88051510139685     0.00000000000000  n
   12.65608734646834    -4.11221223462140     2.28265687872427  n
   12.65608734646834    -4.11221223462140    -2.28265687872427  n
   13.31545247588921    -0.06661095619626     0.00000000000000  n
   12.65608734646834     4.11221223462140     2.28265687872427  n
   12.65608734646834     4.11221223462140    -2.28265687872427  n
   10.81157858774047     7.77273835128362     0.00000000000000  n
$end
