$coord
    3.94820668364517     1.41179360134216     0.00000000000000  p
   -2.18632053057456    -0.91065713013200     3.77351662115559  p
   -2.18632053057456    -0.91065713013200    -3.77351662115559  p
    1.72980049318646     0.02839880421338    -3.14034876501194  si
    1.72980049318646     0.02839880421338     3.14034876501194  si
   -3.58381646405151    -0.20935141908272     0.00000000000000  si
    4.17219025211731    -0.22832804883457    -6.84780245054766  c
    4.17219025211731    -0.22832804883457     6.84780245054766  c
   -7.86958492548721     0.94141998172833     0.00000000000000  c
    3.32589530409227     3.57790918018333     6.60951554503193  h
    5.31790096636438    -0.32456235177351     8.55958818458013  h
    4.09293891786786    -3.94085942846939     5.65554778183056  h
    5.31790096636438    -0.32456235177351    -8.55958818458013  h
    4.09293891786786    -3.94085942846939    -5.65554778183056  h
    3.32589530409227     3.57790918018333    -6.60951554503193  h
   -6.14485078804310     4.43218444163617     0.00000000000000  h
   -9.87519850558874     1.42059783536067     0.00000000000000  h
   -7.95432213467886    -2.97590479757460     0.00000000000000  h
    3.65037072846401    -2.11997224630974     5.32594175102820  n
    3.07169690460019     1.81406149139450     5.94386707624391  n
   -6.93229777479525    -1.37292004521537     0.00000000000000  n
   -5.97502866005271     2.53733526865223     0.00000000000000  n
    3.65037072846401    -2.11997224630974    -5.32594175102820  n
    3.07169690460019     1.81406149139450    -5.94386707624391  n
$end
