$coord
    1.52178511047444     3.37600139230879    -3.37994336100649  h
   -1.50423522394731     7.05948579166919     2.94527422680706  h
   -1.62567280422148    11.34316988518851     0.85751614175800  h
    0.01843805780609    11.13136182214269    -3.65613439314666  h
    1.66050990534430     7.31017496974630    -6.06864569230789  h
   -0.03781908894879     4.28095154954191     5.36447515645241  h
    0.00000000000000     0.00000000000000    -2.14218219746224  h
    0.00000000000000     0.00000000000000     7.34333021461746  h
    0.03781908894879    -4.28095154954191     5.36447515645241  h
   -1.52178511047444    -3.37600139230879    -3.37994336100649  h
    1.50423522394731    -7.05948579166919     2.94527422680706  h
   -1.66050990534430    -7.31017496974630    -6.06864569230789  h
    1.62567280422148   -11.34316988518851     0.85751614175800  h
   -0.01843805780609   -11.13136182214269    -3.65613439314666  h
    0.01330367192322     9.48270049960502    -2.69842119276463  n
   -0.86167920841239     7.09733700596211     1.14952607129437  n
    0.87270198090218     4.95514158041699    -2.52917543124250  n
   -0.00911603882921     2.38129113384255     1.43605390534079  n
    0.00911603882921    -2.38129113384255     1.43605390534079  n
    0.00000000000000     0.00000000000000     5.43520571560217  n
   -0.87270198090218    -4.95514158041699    -2.52917543124250  n
    0.86167920841239    -7.09733700596211     1.14952607129437  n
   -0.01330367192322    -9.48270049960502    -2.69842119276463  n
   -0.87915350589449     9.45503490912832    -0.15344765111330  b
    0.00000000000000     4.78709579498453     0.02878430834297  b
    0.90403741951452     7.25533889703777    -3.93118214098092  b
   -0.02597050614217     2.36351636990649     4.15337991826450  b
    0.00000000000000     0.00000000000000     0.12804217308265  b
    0.02597050614217    -2.36351636990649     4.15337991826450  b
    0.00000000000000    -4.78709579498453     0.02878430834297  b
   -0.90403741951452    -7.25533889703777    -3.93118214098092  b
    0.87915350589449    -9.45503490912832    -0.15344765111330  b
$end
