$coord
    6.83175678601639    -3.36502397324600     1.98438628653426  h
   10.51298485238300     3.74720029513247    -1.40402682696653  h
   14.57406865695402     1.63004752020192    -0.42213080135702  h
   15.40225813897104    -2.66716134319730     1.60417339009215  h
   11.22613347706053    -4.83834327778082     2.65300351506537  h
    6.98791997357198     5.19390469691634    -0.77972178635128  h
    3.79731961143186    -1.99791672559254     0.07938928425661  h
    2.81445604604611     7.33213925650250    -1.66723544062480  h
   -0.80867805977167     4.22073164710194    -1.57967687032784  h
    1.16937386479006    -4.48240391342021    -1.53615836738467  h
   -3.83202254199977     2.36914775376035     0.10449051638107  h
   -2.85859059970618    -6.93410624269732    -1.46459443901358  h
   -7.29351703395039    -5.50561124185836    -0.73726530949062  h
   13.34991541123919    -1.79537776919210     1.20294295968269  b
   10.60842924980150     1.70194593009721    -0.42567592756838  b
    8.63151683009343    -2.12454727325947     1.37442993638961  b
    5.82970683127888     1.40331817966949    -0.27062011952231  b
    1.11673176411318     0.82286423379548    -0.73306822776598  b
    3.04810367392385     5.11438502155707    -1.24934140524106  b
   -0.84914087556997    -3.52348317804402    -1.15054463367600  b
   -3.59918749635598     0.14224913409384    -0.27017981333508  b
   -5.52352395580157    -4.08714312784108    -0.72089461206578  b
   13.02706326160922     0.62662751402344     0.06688496648445  n
    8.35139516761231     0.32738182315269     0.22641564599560  n
   11.09007508575369    -3.12060679617929     1.83445730546656  n
    5.46953448039724     4.04055759939629    -0.77246145857727  n
    3.60197295266491    -0.13262097948463    -0.27142325312563  n
    0.90952518418285     3.47735685304772    -1.21753542482347  n
   -1.11348710435577    -0.85478548750672    -0.71834537152254  n
   -3.05525628730870    -5.06277849079695    -1.14826940342094  n
   -5.81905633483580    -1.42668086375852    -0.25355967206168  n
  -10.46323781213033    -3.25504191274436    -1.47151650581113  h
   -7.11158176149581     2.95575275817272     2.12222479985128  h
  -14.92282517231176    -1.70782675779963    -0.80564126988806  h
  -11.25663554645155     5.09710536586589     3.10427200355083  h
  -14.97980230472044     2.50647037184512     1.50918819612213  h
   -8.33725056756326    -0.33836680111998     0.23287284016629  b
  -13.07204630229962    -0.59617268778556    -0.10967214541707  b
  -11.07351919516856     3.11649664185642     2.01405687643007  b
  -10.60816468814394    -1.59132514216516    -0.54955503399664  n
  -13.25398157475420     1.76712825334263     1.17724646382871  n
   -8.66220409264474     2.02404407900312     1.51690394789238  n
$end
