$coord
   15.66233736616555     3.77185177243906     4.34987553051573  h
   15.98443740479759    -0.84762531521736     3.95991353699238  h
   16.02495124320128    -0.84288966154696    -3.95583739773976  h
   15.70777394112606     3.77792346248016    -4.34290055138666  h
   15.49229414021848    -4.58210964325162     4.34290055138666  h
   13.45656966403390    -8.74243997420555     3.95583739773976  h
   13.41911529222733    -8.72628470555901    -3.95991353699238  h
   15.44990758322446    -4.56465046357851    -4.34987553051573  h
   11.09768690258704   -11.67805581078539     4.34987553051573  h
    7.25815269923857   -14.26674060744469     3.95991353699238  h
    7.28251126899573   -14.29945932558086    -3.95583739773976  h
   11.12566618760057   -11.71437067773832    -4.34290055138666  h
    3.77792346248016   -15.70777394112606     4.34290055138666  h
   -0.84288966154696   -16.02495124320128     3.95583739773976  h
   -0.84762531521736   -15.98443740479759    -3.95991353699238  h
    3.77185177243906   -15.66233736616555    -4.34987553051573  h
   -4.56465046357851   -15.44990758322446     4.34987553051573  h
   -8.72628470555901   -13.41911529222733     3.95991353699238  h
   -8.74243997420555   -13.45656966403390    -3.95583739773976  h
   -4.58210964325162   -15.49229414021848    -4.34290055138666  h
  -11.71437067773832   -11.12566618760057     4.34290055138666  h
  -14.29945932558086    -7.28251126899573     3.95583739773976  h
  -14.26674060744469    -7.25815269923857    -3.95991353699238  h
  -11.67805581078539   -11.09768690258704    -4.34987553051573  h
  -15.66233736616555    -3.77185177243906     4.34987553051573  h
  -15.98443740479759     0.84762531521736     3.95991353699238  h
  -16.02495124320128     0.84288966154696    -3.95583739773976  h
  -15.70777394112606    -3.77792346248016    -4.34290055138666  h
  -15.49229414021848     4.58210964325162     4.34290055138666  h
  -13.45656966403390     8.74243997420555     3.95583739773976  h
  -13.41911529222733     8.72628470555901    -3.95991353699238  h
  -15.44990758322446     4.56465046357851    -4.34987553051573  h
  -11.09768690258704    11.67805581078539     4.34987553051573  h
   -7.25815269923857    14.26674060744469     3.95991353699238  h
   -7.28251126899573    14.29945932558086    -3.95583739773976  h
  -11.12566618760057    11.71437067773832    -4.34290055138666  h
   -3.77792346248016    15.70777394112606     4.34290055138666  h
    0.84288966154696    16.02495124320128     3.95583739773976  h
    0.84762531521736    15.98443740479759    -3.95991353699238  h
   -3.77185177243906    15.66233736616555    -4.34987553051573  h
    4.56465046357851    15.44990758322446     4.34987553051573  h
    8.72628470555901    13.41911529222733     3.95991353699238  h
    8.74243997420555    13.45656966403390    -3.95583739773976  h
    4.58210964325162    15.49229414021848    -4.34290055138666  h
   11.71437067773832    11.12566618760057     4.34290055138666  h
   14.29945932558086     7.28251126899573     3.95583739773976  h
   14.26674060744469     7.25815269923857    -3.95991353699238  h
   11.67805581078539    11.09768690258704    -4.34987553051573  h
  -15.83107668108605     1.40404383450166     0.00085037675646  b
  -15.68968359292705    -2.72970938822383     2.33150062988898  b
  -15.71262675781623    -2.73238146096523    -2.32601286522065  b
  -14.41213613553741    -6.69960067915863    -0.00085037675646  b
  -12.24134348453574   -10.22262654348028     2.32601286522065  b
  -12.22280905069725   -10.20883910166894    -2.33150062988898  b
   -9.13147600192743   -13.00809419076188     0.00085037675646  b
   -5.48084449125811   -14.95251843892108     2.33150062988898  b
   -5.49000021433595   -14.97372494550097    -2.32601286522065  b
   -1.40404383450166   -15.83107668108605    -0.00085037675646  b
    2.73238146096523   -15.71262675781623     2.32601286522065  b
    2.72970938822383   -15.68968359292705    -2.33150062988898  b
    6.69960067915863   -14.41213613553741     0.00085037675646  b
   10.20883910166894   -12.22280905069725     2.33150062988898  b
   10.22262654348028   -12.24134348453574    -2.32601286522065  b
   13.00809419076188    -9.13147600192743    -0.00085037675646  b
   14.97372494550097    -5.49000021433595     2.32601286522065  b
   14.95251843892108    -5.48084449125811    -2.33150062988898  b
   15.83107668108605    -1.40404383450166     0.00085037675646  b
   15.68968359292705     2.72970938822383     2.33150062988898  b
   15.71262675781623     2.73238146096523    -2.32601286522065  b
   14.41213613553741     6.69960067915863    -0.00085037675646  b
   12.24134348453574    10.22262654348028     2.32601286522065  b
   12.22280905069725    10.20883910166894    -2.33150062988898  b
    9.13147600192743    13.00809419076188     0.00085037675646  b
    5.48084449125811    14.95251843892108     2.33150062988898  b
    5.49000021433595    14.97372494550097    -2.32601286522065  b
    1.40404383450166    15.83107668108605    -0.00085037675646  b
   -2.73238146096523    15.71262675781623     2.32601286522065  b
   -2.72970938822383    15.68968359292705    -2.33150062988898  b
   -6.69960067915863    14.41213613553741     0.00085037675646  b
  -10.20883910166894    12.22280905069725     2.33150062988898  b
  -10.22262654348028    12.24134348453574    -2.32601286522065  b
  -13.00809419076188     9.13147600192743    -0.00085037675646  b
  -14.97372494550097     5.49000021433595     2.32601286522065  b
  -14.95251843892108     5.48084449125811    -2.33150062988898  b
   15.94313744032570     0.06496500474099     2.28462975279925  n
   15.41475678756482     4.13037250268705     0.00214483915239  n
   15.96546266477186     0.06765597474364    -2.28000748269638  n
   15.41475678756482    -4.13037250268705    -0.00214483915239  n
   13.86032476854697    -7.92413942900305     2.28000748269638  n
   13.83964360582996    -7.91530684909266    -2.28462975279925  n
   11.28438617460389   -11.28438617460389     0.00214483915239  n
    8.02783059123305   -13.77467860108897     2.28462975279925  n
    8.04132323576881   -13.79266690407721    -2.28000748269638  n
   13.79266690407721     8.04132323576881     2.28000748269638  n
   13.77467860108897     8.02783059123305    -2.28462975279925  n
   11.28438617460389    11.28438617460389    -0.00214483915239  n
    7.91530684909266    13.83964360582996     2.28462975279925  n
    7.92413942900305    13.86032476854697    -2.28000748269638  n
    4.13037250268705    15.41475678756482     0.00214483915239  n
   -0.06765597474364    15.96546266477186     2.28000748269638  n
   -0.06496500474099    15.94313744032570    -2.28462975279925  n
   -4.13037250268705    15.41475678756482    -0.00214483915239  n
   -8.02783059123305    13.77467860108897     2.28462975279925  n
   -8.04132323576881    13.79266690407721    -2.28000748269638  n
  -11.28438617460389    11.28438617460389     0.00214483915239  n
  -13.86032476854697     7.92413942900305     2.28000748269638  n
  -13.83964360582996     7.91530684909266    -2.28462975279925  n
  -15.41475678756482     4.13037250268705    -0.00214483915239  n
  -15.94313744032570    -0.06496500474099     2.28462975279925  n
  -15.96546266477186    -0.06765597474364    -2.28000748269638  n
  -15.41475678756482    -4.13037250268705     0.00214483915239  n
  -13.79266690407721    -8.04132323576881     2.28000748269638  n
  -11.28438617460389   -11.28438617460389    -0.00214483915239  n
  -13.77467860108897    -8.02783059123305    -2.28462975279925  n
   -7.91530684909266   -13.83964360582996     2.28462975279925  n
   -7.92413942900305   -13.86032476854697    -2.28000748269638  n
   -4.13037250268705   -15.41475678756482     0.00214483915239  n
    0.06765597474364   -15.96546266477186     2.28000748269638  n
    0.06496500474099   -15.94313744032570    -2.28462975279925  n
    4.13037250268705   -15.41475678756482    -0.00214483915239  n
$end
