$coord
    4.31545416914051    -0.36285954143204    10.79743209796529  h
    3.94531162322096    -0.33758256477791     6.04732580216047  h
   -3.94531162322096     0.33758256477791     6.04732580216047  h
   -4.31545416914051     0.36285954143204    10.79743209796529  h
    0.00000000000000     0.00000000000000    12.88825720851597  h
   -4.29422120639487    -0.67185999856240     2.38094720368771  h
    4.29422120639487     0.67185999856240     2.38094720368771  h
   -3.91083168033586    -0.60953683094480    -2.24805221391489  h
    3.91083168033586     0.60953683094480    -2.24805221391489  h
   -4.34024548618040     0.29272235628567    -5.93179739548061  h
    4.34024548618040    -0.29272235628567    -5.93179739548061  h
   -3.94443668002488     0.26252453280085   -10.59639547383459  h
    3.94443668002488    -0.26252453280085   -10.59639547383459  h
    0.00000000000000     0.00000000000000   -13.35682424995386  h
    0.00000000000000     0.00000000000000   -11.09206685708993  b
    2.33159322646913    -0.14871955634741    -6.97681783258491  b
   -2.33159322646913     0.14871955634741    -6.97681783258491  b
    0.00000000000000     0.00000000000000    -2.79805322327714  b
    2.29931859397244     0.34696316526468     1.34620120752752  b
   -2.29931859397244    -0.34696316526468     1.34620120752752  b
    0.00000000000000     0.00000000000000     5.54179571770862  b
    2.35116323022437    -0.19494792655448     9.67337386566371  b
   -2.35116323022437     0.19494792655448     9.67337386566371  b
    2.28274947530442    -0.14697722885973    -9.66622692145723  n
   -2.28274947530442     0.14697722885973    -9.66622692145723  n
    0.00000000000000     0.00000000000000    -5.57460514269882  n
    2.25591158487067     0.33963858680241    -1.33849490438791  n
   -2.25591158487067    -0.33963858680241    -1.33849490438791  n
    0.00000000000000     0.00000000000000     2.76279471322835  n
    2.28976224895600    -0.18986834272925     6.98281582330712  n
   -2.28976224895600     0.18986834272925     6.98281582330712  n
    0.00000000000000     0.00000000000000    10.98186369863160  n
$end
